,cord_uid,x,y
0,6c6cw80p,-39.13448,-12.816724
1,pxryt8wn,90.81387,41.99771
2,l8k34gh1,-10.511697,-136.68657
3,czhgc1v2,85.44947,-47.97512
4,wzwpyvll,-117.92806,13.557988
5,w8meihe1,62.197025,-56.125195
6,wg6nh1vt,109.55202,-2.546797
7,b22s00es,61.88634,-46.236183
8,0littefv,66.24204,-2.7238746
9,0rq0wdpq,-1.5978347,35.734627
10,5is9kc52,5.734952,25.343494
11,ctpgylnr,-4.9556003,-37.4097
12,o80duxhs,90.57984,27.858442
13,j3p1u80n,-33.541298,121.49857
14,3njrml7x,45.09923,-56.464973
15,dplkmng5,-51.9546,-47.18686
16,jgxbpy4j,10.357607,-5.657467
17,y6di4ver,63.34751,39.553974
18,p6ikd8ns,-76.12944,28.998756
19,7vwpvcdd,-57.288506,-0.050616834
20,sdj8n4pd,-75.704895,87.88662
21,9kubi95y,112.69794,81.10364
22,r09r1fv2,-119.361145,-29.91306
23,tsuz3j40,-0.7871417,97.61902
24,hwjkbpqp,1.5867808,150.18987
25,543aq9dx,76.81268,-51.76372
26,squyqflj,3.5777135,14.176645
27,16syz1o7,-81.67437,38.64465
28,laro5mz0,-15.81577,-37.87548
29,h7lvun9a,20.646812,36.0303
30,l0f3bmo1,123.653595,81.857185
31,cbkzvuqb,67.89036,91.754196
32,87zt7lew,-81.11068,-44.841175
33,0e1w86tg,92.70758,28.868773
34,jfbtjg83,-13.650587,-80.388985
35,wwuqxx1r,59.82534,-32.48563
36,o53k7rl6,-63.051785,99.83754
37,hmh4s3w4,93.294266,-63.273315
38,471hzpyf,-44.478664,-95.7488
39,iuo2cw23,36.451244,6.813286
40,v1p4ut66,-28.40406,-65.81085
41,jquxicdr,-63.91289,-75.728264
42,4cvy9u28,-31.278957,-97.705505
43,2zsl30yu,102.5449,67.27373
44,gklyk0me,-88.49739,-64.99464
45,5fl0rk90,93.8933,-90.42377
46,rafwlw0t,-75.93221,75.46942
47,gzxu7nkh,51.1954,105.85702
48,f9abq8gj,-94.27361,-47.77103
49,lgtgs4fy,-35.338898,116.031364
50,hz0t8ovy,22.773142,-29.51582
51,gl9cjmno,97.63916,73.43973
52,texk4z76,106.41852,10.735954
53,8rrkf78o,-4.4326515,-27.677385
54,5eqdrd52,-89.26231,32.32643
55,imp7icud,-31.440678,74.44937
56,j8t98qc8,99.83656,12.032081
57,jleccqqx,-92.47503,-15.070863
58,7cty5s6o,18.38434,81.7617
59,vg57cnqw,-87.09582,75.942184
60,p4ba6asn,-113.30821,-16.100353
61,l56eboio,5.8079734,39.874866
62,e523mnz1,-2.3313682,-55.675438
63,a3tammig,-100.6452,-20.11507
64,cgiok0ce,-79.52797,-44.61702
65,vyb5agwk,-17.177673,-49.887466
66,k2fvx9vl,84.266884,-16.010525
67,6elmzcfl,-71.52091,100.14279
68,3m0dyfsk,11.020547,-78.9177
69,suzhg1yd,112.91011,79.881584
70,t6l692zu,87.09959,-15.004871
71,o55s1j25,77.425224,-1.6140264
72,om92cx5q,90.57804,-102.60789
73,9pgm9hcw,5.011613,-94.42857
74,c8uvemh0,19.881773,-72.64359
75,6zrv687k,7.0695667,26.418344
76,250sdmq6,-44.52071,80.34359
77,uuxj6kh7,36.637337,-86.171814
78,ip0fxvhp,-28.843302,-27.332317
79,k8jzzqj0,-40.316906,67.193214
80,dpcgl6ig,-90.73392,-30.493576
81,cmqo0nkb,41.310432,128.79907
82,ampip7od,-119.32532,-32.100296
83,tfcerilc,44.855072,-35.029667
84,mpuovmeb,-32.265217,-18.111288
85,zxtbnyho,-59.838146,-37.640305
86,0jlsaypc,123.83339,16.126394
87,30p8n0vz,-103.61176,3.2432833
88,r3c1b8bn,-119.921844,40.637356
89,nxqer3m7,51.971394,-7.9301586
90,tvxpckxo,-49.50304,-60.356102
91,psaf2vls,-87.77449,-63.18431
92,0mn1gbll,-105.342606,-46.920895
93,gdra8xhj,-60.143757,7.9652004
94,prrfm4cm,-35.064026,-76.39637
95,gdc2e40t,-115.69229,-75.93613
96,pixbry0c,62.83886,-75.16261
97,zudnu71a,-41.523544,-13.776985
98,3wok0n21,-0.1532925,11.573584
99,wkizpbcz,-0.4783876,119.66247
100,mq6bterc,43.92462,32.428158
101,v9k7vpi8,46.62905,33.516087
102,urk7fe34,-6.3299756,145.163
103,u86icqcc,10.649986,-123.43547
104,af18f756,-96.961235,-32.759655
105,hv1kr24h,96.34431,67.40512
106,2586thss,47.123493,-6.971482
107,iy4c7404,51.360947,-84.05422
108,sw4wtxdk,-67.95329,-25.401085
109,baugu1gh,-35.273174,29.03087
110,8nq7e8z6,-5.7575707,-94.02052
111,3n05cb49,-41.071766,-53.511955
112,4vo7n6nh,-22.528282,-50.570858
113,qrnhp1ek,93.34755,-16.873812
114,c8yzoen7,-52.22161,-30.924753
115,z4sutqos,75.03838,68.868355
116,us29j281,-1.927201,65.85116
117,boto4h8x,-50.79861,-82.59942
118,oefyszar,-56.156925,-44.362255
119,b6gte5u0,-17.695858,-70.25958
120,g6ffaer1,67.82443,76.232864
121,vexwisnz,-20.197906,12.806392
122,baxxcyji,44.72408,-53.995255
123,qcjbtflt,-98.97404,-77.84199
124,wf0vonkn,-65.92172,-30.630472
125,a93brk5n,72.46284,-91.398796
126,aq48eris,-22.286127,-58.46387
127,pdxm0iiw,-94.219734,90.76629
128,vsgd9v1w,26.432068,-74.71559
129,4owe9lf5,26.640354,125.29738
130,dxbbg4td,-142.53363,59.3596
131,cwzpb8fu,74.02639,42.578217
132,sfshosp0,85.51354,29.869322
133,ca87xvwh,19.23705,-17.350983
134,elhp6rx6,46.504536,-21.212568
135,bjx5td52,-104.22182,38.48766
136,phepjf55,70.83474,-45.107014
137,9mma6rva,59.474174,136.21548
138,pl2ur9qc,-33.123447,93.41405
139,ycxyn2a2,91.49487,13.405869
140,w5fxen70,95.77713,-30.534922
141,0y80k5kw,81.69466,-21.75541
142,okhsvylc,19.401222,66.69608
143,j3r0y194,-84.51487,23.975237
144,dy7djsah,-47.828815,-9.500229
145,mrst93rh,-37.008167,6.455944
146,yozk08w4,-90.521996,-1.110285
147,sgcf9v3m,-29.433817,36.738922
148,waf4n6u8,-76.139435,73.9903
149,mbv7pk21,92.50391,-16.29842
150,5m29nugu,7.0844398,-49.426296
151,9xqv9u57,67.192245,57.448612
152,186k6t03,-54.167057,15.732214
153,ni6iyzdn,-60.0713,51.332436
154,3ib99gup,-77.22716,27.601547
155,0nb4laxz,-60.304928,-36.613014
156,izw1xh21,128.63063,23.576296
157,7hgbnhqb,59.911743,-57.137688
158,vuvgvz4n,-51.390144,-15.830851
159,nn09hh29,80.349434,-23.749363
160,d08buwtu,-90.73361,-12.924642
161,lz37rh82,-75.930336,-9.570551
162,zc7gw1d8,-70.00059,-50.124786
163,hp1gz37o,106.36574,10.727365
164,gin0b4ra,29.735651,-54.52008
165,m3vg5ivx,83.33205,-15.978342
166,to4g9he9,-45.143192,9.451353
167,umx793cw,-107.60196,-30.874207
168,iogmaulh,73.64027,-100.81274
169,8ljgxnhf,81.779655,-5.4514017
170,b0tlco4t,55.1591,42.273254
171,ssrs0cwf,111.01853,70.37201
172,18a3ftsg,-70.66052,61.172844
173,43bdjxe2,-66.5821,-28.618828
174,s64v656n,123.66909,83.86408
175,jiy4cp4n,73.912155,30.122746
176,qocet9y2,34.55094,52.29354
177,82m3w06s,-34.527687,-101.30337
178,yya6w976,-66.277115,-46.435783
179,p7v5p036,-57.626083,113.24073
180,zowp10ts,-56.776333,-98.81651
181,9o3ivbc2,-11.184746,-6.595239
182,36gbl7tu,23.34677,-15.418223
183,h3yxymh3,77.56845,43.922398
184,02opdk0m,71.60983,-75.28286
185,ivl5i3kz,-31.710943,36.244915
186,2iwsx727,69.38997,-99.751495
187,4yfohp9w,-42.339466,0.64517736
188,7uqmpn70,5.396945,-92.02699
189,wyy6yw2o,-70.94911,-83.65387
190,p56v8wi1,-85.1015,-62.477467
191,6sb3ipab,-84.18187,-34.65811
192,hn288o97,109.44392,9.20564
193,hlu1noym,-55.039566,-58.099888
194,g7rf1cdi,29.697128,-52.83453
195,wfrmvlhi,-58.090595,-39.282436
196,kxtdv6q9,-31.918861,79.90017
197,7i1sxa51,89.55871,-7.7679596
198,3meiks6o,94.94415,-9.165902
199,21hg9t8h,-35.42449,-98.42294
200,utglk4af,34.107685,-60.196175
201,5r2in1gw,79.28496,-50.89268
202,ae5bvrr5,-117.80399,13.614132
203,k8bvayk4,-109.71373,32.604836
204,s70onyix,-33.206455,-96.208595
205,ilhnluqc,70.8046,-47.901073
206,awguczze,7.065127,-48.451294
207,vluuha88,-48.70024,-87.18879
208,480d3yfv,88.00003,-14.181028
209,ld9pe5iz,22.211376,121.97889
210,wbh06gzb,3.4500895,-141.22826
211,db9bwoel,93.676414,-48.45153
212,u61mcemm,-49.68992,-18.007746
213,ajlctjeb,-43.923794,-71.72808
214,4i3c9vbs,86.04734,27.513155
215,lmswl9ol,-63.252686,61.975502
216,7e8px4vx,-54.95858,15.152129
217,dwfb81aj,13.019741,136.65063
218,wm4c7rk6,-0.6823799,99.29546
219,9xgmanai,27.078297,142.0962
220,qbldmef1,84.77103,-20.54484
221,31q7ftnd,-19.491854,-71.685
222,epz7fvnx,-54.51484,-60.25556
223,qlx9zwuh,-10.149198,-33.058544
224,ma0h8bfc,-17.117865,-135.93483
225,aftz6tbu,106.271706,16.246462
226,6a5gr8mc,26.527254,73.03462
227,231s58eq,-29.789406,-18.687662
228,h8xxpbr6,99.05981,-27.241018
229,fxd533b4,-98.847015,-76.20909
230,nrq4ncdf,4.4022818,-13.5834675
231,ef87c4ej,15.591626,136.21642
232,v4jochbe,-6.9916916,29.04588
233,e67ky5tr,20.038868,2.2606192
234,5yhe786e,14.972269,5.7382092
235,navjkevd,-60.749752,109.342995
236,fzpuu59i,-77.3119,54.000706
237,ke0tkpso,101.94604,53.95065
238,531twx5p,-53.78705,-42.65349
239,2vlq2k1u,81.297,-49.152233
240,0zkeoa1z,-50.16203,-15.456004
241,um0ds7dh,44.483345,-17.37507
242,dy21jno8,99.89254,-13.449327
243,crla8vrj,91.186676,-94.87236
244,1a3sy8ja,-6.8145723,145.00398
245,z9nwechy,81.09062,68.55893
246,pkps5j8w,-77.59011,-22.666649
247,fcffl6m4,-12.5555315,-145.69084
248,87yq2317,20.267292,85.06041
249,sc854ug9,57.133865,-75.37193
250,ydu0l0st,-107.40214,-29.88595
251,fgwoijut,80.202354,-23.950901
252,67rycbiy,-38.95234,71.77406
253,rr2wwvue,27.525646,-53.376923
254,brsailag,-46.238388,88.82049
255,wale2wiu,-65.793594,-73.31503
256,fkqdrwer,-67.29894,58.212852
257,ee7q7jhv,-109.09637,-26.214258
258,khzhldt5,44.75725,14.163775
259,dg3pfydf,34.194946,-60.102257
260,gyetna96,19.438894,-75.27675
261,1ldebnq8,33.72878,-58.214554
262,dc63kane,-25.183426,-67.05078
263,qqmj4v0u,54.71629,-102.19909
264,xm57cnw9,1.6573961,-15.079392
265,e0ou9zjb,12.052204,85.948715
266,0jx6mwiw,-48.14063,79.74899
267,mhdi16wz,-84.97707,76.94023
268,b8xb1f12,53.01031,42.499992
269,uvv06b4n,28.33395,141.92313
270,ruba65p5,63.493732,-33.658436
271,emnln2ix,-123.01416,28.386425
272,yba7mdtb,-43.930668,65.843765
273,f8ptue03,-101.54098,50.654724
274,13cii3on,-100.81105,37.66593
275,apbs2ltb,-99.604095,-21.523956
276,rm7nsyjd,14.096544,-65.859955
277,0vsf67nh,9.213725,-16.239454
278,b5gcrbbi,56.953434,17.096256
279,d498qj2b,56.190075,68.060234
280,egy1d90x,-103.79391,9.460087
281,vl03ida1,-66.2415,-66.94881
282,dh9pr82o,-47.491783,-129.17938
283,qfv8ifvl,15.366261,-68.53961
284,a28fw08r,38.0144,-83.89055
285,1qyuhbz0,35.91498,6.5065503
286,xtj2ywf3,-10.742424,-46.946785
287,s7q1829b,13.645237,60.18655
288,yrju4spi,4.801889,-50.989223
289,usz7pnvu,-50.279522,-30.040634
290,3qxun84i,-98.71624,30.621428
291,dbmfydyu,1.9205482,-109.001205
292,6egbde5x,-115.894714,-77.56675
293,6lezilfv,-96.87025,-76.62575
294,0hobwqpe,66.04604,-14.388585
295,j6h8u8gb,32.26059,-54.47289
296,2tji14il,-15.619674,-55.711376
297,osioowtp,70.21549,-27.138348
298,lbtdex4p,82.05863,-41.977074
299,4chfqgrc,4.502012,-113.87319
300,kmdxxx76,-60.304768,-9.708258
301,njzyu4mv,-18.835995,-70.445274
302,pof78bwb,-6.501113,-140.6917
303,2p7qrgx0,-109.89412,-39.595207
304,jb8228vn,64.54709,63.115746
305,byant7dh,-40.017815,5.371771
306,tptwlmy4,31.895546,-72.72551
307,uh3q65we,86.696045,-8.467786
308,y2nhss9u,-38.361553,93.03958
309,ecnt35no,-14.679658,8.72081
310,5hx84kki,-92.08543,-31.184942
311,r0rfjs05,31.880465,59.639965
312,d0a8oib4,-35.737976,118.91323
313,v6bpjpmo,45.40735,32.308563
314,afg1nmib,34.72051,-9.718196
315,y2knt8g0,-11.092509,-33.456047
316,zfz98etw,1.6637825,46.478798
317,5z3s5pjl,-41.968353,-52.05475
318,xwfptmmv,81.74575,74.60012
319,rb8wg8k5,-36.568382,-132.43692
320,fo5naae7,-0.4298767,-13.029503
321,iv18eiap,20.157509,39.226738
322,b5lldhi5,-56.13055,-100.1277
323,1ow9adcf,-43.18952,-96.87364
324,yh6858k6,36.564503,-86.5758
325,utmt5sva,96.03613,72.229904
326,pwz6rde0,-55.94085,63.546013
327,wzt9w46s,13.968438,87.57385
328,k8u2tidd,5.8713613,31.619967
329,yxhk1qm3,-67.056274,-36.167294
330,qtbrelfv,42.76804,136.09583
331,zueoyesj,112.009995,-55.73312
332,qsw8ncdw,56.536373,-113.75945
333,3f31j4cy,6.6584897,84.42356
334,p4ufea6x,-16.006605,-144.55846
335,uotug8ej,-52.136154,-14.540947
336,gzjnb6yg,65.57051,80.17358
337,paax8pqh,13.537115,-61.637928
338,bhq8t5nq,102.0953,31.229197
339,stgri6y6,61.842953,-56.400116
340,33gno57t,-44.4855,-129.47699
341,nv228vte,-98.4455,-5.1047144
342,uwg57g1z,-72.27199,-66.09439
343,xlqdn0c7,-1.4332534,2.332628
344,e1bn79ui,15.733673,136.18665
345,ko6lew7b,-97.85055,24.424465
346,cgl34ykt,-55.749184,-100.886894
347,av0wlbua,16.885504,85.23416
348,na8xecga,-27.540884,-142.93738
349,sccd23l3,76.25819,28.879473
350,wnuqe66q,-115.84123,-77.199936
351,6t5puo6p,8.422829,44.14371
352,vrd89yk0,-73.150635,100.70202
353,917uwsgx,-2.6550803,-54.94978
354,ug2ewxyl,69.233246,59.855415
355,tycbhz8a,78.273346,67.61342
356,6abo7krb,-33.868637,-28.58713
357,j6ateco7,-36.80095,121.80877
358,kfkumsux,62.136776,4.681149
359,nmmimc71,43.45902,-62.438633
360,d3a06n3f,9.600467,90.889336
361,ik4ps0qn,-64.15945,-54.109756
362,czo533oj,112.32869,14.453485
363,0d3vy87b,25.72189,-9.78611
364,ufjjengt,85.742096,8.977492
365,u5o6fq24,6.56693,-65.340744
366,i03fyaz8,41.97721,77.62606
367,9sc2xmqr,60.585484,134.77261
368,yzloau0d,20.729166,136.8623
369,60xkxdhe,-51.76153,-28.721403
370,qbd74839,110.231476,71.23536
371,kvhoa2se,-87.995125,76.55253
372,p5jtwb3l,-106.1637,67.69751
373,skavefji,22.408247,39.761497
374,jhetyd9t,-113.57865,-16.123837
375,l5ok3bvx,11.179097,-99.32127
376,ikr1qrrt,-62.111217,-54.69408
377,k2io05hy,6.3682265,-93.769104
378,w5basxr0,10.961385,60.723366
379,36bfeoqv,94.15711,-90.301
380,d3fb9xd8,-50.331272,10.752835
381,yq190ig9,-78.49353,-44.512203
382,8crvjzz4,-123.65756,-44.247383
383,pyic5s73,12.202281,85.48631
384,1pi9nccc,-15.280058,-134.70149
385,9b6yz3f4,-92.34545,2.5514016
386,kf1fs1ka,40.01945,61.816227
387,x2zq0lnt,76.29927,68.10435
388,pt3b4yc7,-35.265163,-132.87723
389,ftlb5b95,-45.31323,-74.71443
390,f089bs8r,4.6046047,69.53029
391,xf0pmog4,107.01956,-4.2031264
392,7r705eqd,-94.39833,59.70768
393,8vljd5cv,81.15113,-6.583108
394,jpo9oomb,54.631603,-101.88238
395,t579ysgl,15.05939,59.772312
396,9daqyylb,8.102327,10.238563
397,gt3v8km1,25.264133,-10.121603
398,l8aa9cl3,5.5195155,-102.6191
399,flznxurb,29.131357,-51.83812
400,6rujx4vs,61.38877,64.767204
401,jsvcjlz7,-69.70622,98.08475
402,niccjneq,-60.63336,-35.831264
403,1v353uij,22.765348,-29.497385
404,ix4k0rkt,5.964195,-143.30661
405,rl5a7cnk,41.48026,95.24878
406,zizfgz7d,-53.32875,-24.954569
407,0ybn2igj,-10.9348545,-91.3754
408,w11azztq,-4.9993563,-114.06991
409,rhsgqprf,-90.66009,39.500126
410,d4zavkcn,71.35924,59.37698
411,7qr964zy,98.63651,-27.556618
412,6iu1dtyl,40.9005,129.27197
413,7gmtp6km,48.52804,-37.38351
414,7lh8iqm1,32.14159,122.93134
415,va0teako,-63.53284,62.998055
416,zkudc8ww,-9.3800535,-135.46297
417,gkl708nu,105.254135,-18.848911
418,nz06v56o,101.11339,-14.399002
419,2hw6pxnh,-74.737076,71.35238
420,svn4e6w6,-86.65848,71.26861
421,n6qipu17,-59.94426,22.224909
422,cjzecgrb,5.9485025,43.82062
423,sxdstw4a,10.397779,-112.93156
424,397hp1yt,24.542238,-47.63807
425,mqk0sx5n,-19.657219,23.327602
426,pxymyqoy,15.3294,84.14474
427,sddif46h,94.51394,-10.138332
428,l9ozvlae,-4.7121944,-135.1242
429,lkoyrv3s,53.236874,-95.307846
430,ffiguxo8,-87.887085,29.42164
431,0hlj6r10,37.95323,83.91528
432,8jizi6hu,-98.284805,-76.656425
433,bbeznd3r,-69.19843,58.52081
434,v6lycc7k,-101.7256,-1.3401953
435,hkc4vbmj,42.41562,92.05745
436,8t6rsvqz,89.00719,-8.436827
437,lqqsxhfl,71.76002,-37.24069
438,yvgzkt8a,45.864414,128.71686
439,nhb4o6ty,-8.758181,-113.22591
440,2hbxvvpw,80.09036,-4.357357
441,cgx90xnt,24.020962,-9.575785
442,094d0rn6,63.45312,-104.20298
443,d3cko4j2,-17.241669,-78.2083
444,k58gx6sf,-23.522276,-49.5649
445,5gglmx9d,54.387356,-9.351051
446,36jzzy77,-98.46494,-35.354706
447,yfn8sy1m,-65.75875,-1.800077
448,vsjy9oaf,-40.363865,-5.020984
449,7vvj0vfs,-49.588577,-133.26683
450,7ubg9vl2,-3.5665896,63.565712
451,dl79v71g,-98.60899,30.816765
452,k2vbgqk7,-46.13319,-12.814197
453,kcmpxd45,55.068287,113.50791
454,61qdmy15,-55.703922,109.34173
455,cc5thj1g,29.724287,-21.841715
456,q07shyw5,122.152084,72.064545
457,sabz03c0,41.253975,-31.229534
458,9zmyojbu,-100.75914,-33.33538
459,mcuixluu,-15.562746,7.997216
460,96xoj10p,-84.76299,-33.76748
461,h48mzc8e,-87.170746,44.016747
462,2ks9iimj,95.559715,-80.26855
463,rq08bhu9,6.274618,-16.082573
464,h0ivbolt,-39.32716,-52.649166
465,oveybgbc,97.0727,12.471313
466,fowjmjtr,82.62435,-80.72158
467,pkranpiw,55.06565,113.52417
468,srh1lwsl,-112.09356,-19.263308
469,icwhpbpj,-57.180717,15.194935
470,gw9tzo3i,-109.84934,-87.06104
471,ugbwvy6j,94.071686,-59.206364
472,ci6db90d,-53.88456,-61.75892
473,0hghpwyr,104.51683,-19.32372
474,8gnn6l4b,-39.712975,-13.817871
475,vhiwrhkb,67.22952,17.001152
476,i8zikevn,68.49877,75.17751
477,34sy55hi,3.9735644,54.800346
478,ov1qssnu,-53.320564,-24.621845
479,q3nxfzh5,27.589157,125.50427
480,w6gtskt3,97.17918,30.04993
481,3i0ymq7o,101.974045,-15.026488
482,h2e6h076,-43.98107,92.52677
483,cnxgsmvk,45.9429,-22.458332
484,6fp8nly0,-103.32344,2.9786088
485,wrru98zg,108.75081,7.8440742
486,m1cmkkw3,0.8163117,34.628624
487,xndczw98,0.5053917,12.694543
488,jm60nxc2,-33.998936,-98.258865
489,9n3vhfs9,-34.808372,-76.48543
490,wdcmb4x5,13.885431,-59.294994
491,fh0mhqhv,49.303326,35.784576
492,dj9bxhwb,-31.272833,-25.516405
493,yci0a6bt,-16.922318,-54.796803
494,hcbvfpg0,73.376236,43.10825
495,abnj3iit,80.76938,74.0413
496,bmcku2yb,-32.57838,35.04669
497,7xmxcm35,17.626495,66.2369
498,yz2wbpuu,115.938545,-54.2698
499,nj1ub77s,41.122204,8.651432
500,y4rwvh1e,-33.406296,-132.62712
501,niii78fr,-43.02091,88.06505
502,26f0xddj,-65.99295,110.79813
503,br2p09pg,-5.6400647,-22.103039
504,khrx6rnh,-62.119724,-76.86474
505,prsvv6l9,77.17479,45.473186
506,68eblcke,3.2301807,47.321735
507,z3grnayv,-15.586617,28.678307
508,3raox8db,51.436127,106.24228
509,xu9llz9u,-97.50499,39.541153
510,cl23zuai,61.097855,62.655533
511,0mtmodmo,32.946987,58.94389
512,rdpsxb4n,9.151557,-124.4917
513,cl9gpt9w,70.959076,-91.21598
514,2glwghfn,-118.82117,9.286711
515,chj07xz6,-92.680855,2.0241957
516,812uc4w7,-46.89841,9.845937
517,xc4c7dkk,-86.961624,-91.11447
518,j7fx64k1,-61.161053,-64.82609
519,zyaj90nh,114.55449,7.270671
520,ajp9uw87,8.79439,-122.60831
521,gq1omz6u,37.492542,44.280014
522,28u3c7u5,-37.135662,95.848335
523,t81g3oyq,25.15727,-74.83091
524,gdsfkw1b,-77.40862,50.356606
525,ygg093ns,59.688457,-75.67036
526,oz823tw4,101.5699,-0.16187648
527,snqdma0s,-23.047268,-79.67061
528,or0czzdp,-58.788578,-39.003952
529,7s5b3lpn,50.780876,43.78331
530,xv3s8iao,42.552387,-19.374619
531,etjqaovc,45.353172,-56.49008
532,10p3mth2,-69.990944,86.88596
533,zshd7i9i,77.40646,-14.721805
534,bnkbwh3w,-13.910382,-38.35402
535,x5ardo5j,-15.038607,-144.76645
536,it5u3pvx,14.1089,-6.9203362
537,37ojix5j,58.530693,80.227135
538,hqxiyxfj,-53.70968,-22.687634
539,25v5mr3c,-1.7746358,16.64072
540,o2kzb94o,-31.177372,111.47278
541,tg0tczni,42.858665,-32.632584
542,w771kjvk,-69.80272,101.85434
543,tex6bgab,-13.140334,-19.090021
544,k7cosg5s,-31.430058,78.793465
545,6d9x0xbj,6.074262,-103.118614
546,y0zjkmoe,-82.38951,21.385351
547,z4p0c01e,-42.700863,20.506477
548,4894nxf9,-37.101334,-134.87924
549,7coajgjz,-96.304276,41.45291
550,4kpkhz0o,1.3512297,13.225366
551,0qkzd2w4,-49.846878,11.654961
552,sboumuy9,2.9475014,-111.04242
553,fvfjz7al,-50.093716,70.53306
554,neeftptx,50.379196,126.547646
555,4ac52f72,-44.930553,88.45436
556,g1ob16b9,32.408886,85.932045
557,7eflwyxk,-105.33099,70.66281
558,upy19l3s,-89.98177,-46.732407
559,nv6943pm,86.30385,-8.417234
560,zx6liy1j,-67.65595,-73.91674
561,d6awwygy,-78.14669,-82.93266
562,ajz4ef44,23.579062,-45.521618
563,7jszm1nd,-0.9850583,-27.186893
564,bbjmcdo5,-86.32868,-65.594124
565,d3qamwsy,61.02571,83.162094
566,c8snsa4z,121.13088,15.822915
567,wwvogjw8,115.48158,69.070206
568,sa5snfby,-68.566986,61.350803
569,bnnl700a,103.834946,-19.95733
570,aq2y9pm0,91.13698,-23.430796
571,fj9l8che,35.125942,-34.081493
572,bnhwgv2g,-45.22538,-130.73323
573,10q0snhb,-20.668692,-79.36419
574,b0weul0x,16.117775,-66.23103
575,22rf9kuq,7.9135456,-48.092857
576,ni5yl7su,-43.435135,92.80814
577,y01w04lc,55.979996,-112.28694
578,utigp2vi,-123.468155,-17.979185
579,s90geszi,-81.078285,-25.64526
580,pqpqayuv,-1.8935102,15.480546
581,99bhj7ft,97.016266,-30.152092
582,49it5pha,72.48763,30.452593
583,9785vg6d,44.11327,13.276573
584,wi7qdbc7,2.0383236,36.20359
585,ucn7t3sg,3.9016984,25.478725
586,d5xv2xdr,-104.665085,-24.875303
587,wuu713l2,90.568146,41.957977
588,gagakqw4,-45.4452,9.484724
589,te75jsd3,6.13094,40.41313
590,9l8nuz5g,32.39279,86.28507
591,cpjlzutk,-56.844414,1.2285652
592,oypnbpkh,-1.7371722,118.924904
593,drcfdv9z,65.96519,17.041607
594,cbzd8ybv,-32.74686,-40.05655
595,jg13scgo,-29.019674,-5.7930565
596,2qmlg9qn,-11.008814,-44.404457
597,hww0watl,-54.839428,97.46719
598,wnnsmx60,112.98635,82.02948
599,87mjdccj,61.79271,-75.47401
600,4owsb0bg,62.196774,131.13066
601,vzbh457k,-6.3258758,-28.894419
602,vtp4cwvt,43.839123,-20.692068
603,mdej7nhj,-50.525272,32.182987
604,eqwgqs3o,-57.74541,-43.965054
605,puj74k7y,-45.394512,31.6327
606,wnk44cf7,-41.585228,93.352974
607,1ypgij14,-9.65463,-113.06972
608,jl3uah1i,-73.69248,98.5274
609,4r89qacd,39.237446,-23.17362
610,fvfl0bn1,-107.078926,-25.748034
611,x5lbstyr,0.3828815,67.021835
612,j5mo1hyk,0.6717952,-26.933348
613,de5or4mc,-112.30381,35.660866
614,febjiiwn,62.58624,41.42175
615,t9cqzxtx,-26.539736,2.1916773
616,cja6rc64,-44.107086,-21.001734
617,57ghjur1,32.81828,114.93818
618,sbnnh2mm,-30.169134,110.70112
619,stuo7y2w,83.24919,-45.77624
620,ciuhyhb8,87.68466,33.893486
621,49u2onq0,-37.414173,65.75135
622,36dhfptw,16.460766,65.585464
623,56sag9d0,101.75948,55.381805
624,x2ykm7gq,41.69131,90.685234
625,5c5y6m35,-60.075943,8.227569
626,q41o6nxs,95.802025,29.601372
627,2ma564ej,28.272161,71.309906
628,c7xvf6dm,51.798447,25.619135
629,1whqwaan,-8.438562,-8.556713
630,f76ktynl,-102.7778,10.676447
631,j4iwq2ld,33.811184,5.253311
632,qjmyc2tu,-68.196686,-44.45744
633,d2mb2b3d,-101.38213,-0.32695585
634,7izahzqy,0.7422003,-140.32808
635,3p81yr4n,35.34011,113.14538
636,l3z27806,52.249863,105.689926
637,1gd006zy,-49.298615,-87.69101
638,2xvd5ogf,-88.65793,-65.59603
639,g8oirxwz,-81.500114,-36.089977
640,v3sfww3e,-72.62314,63.106873
641,kj71b736,108.51269,-6.6568995
642,ydzxp0oe,67.293205,92.16899
643,gkek599u,92.15396,-26.63405
644,soi3bn6y,83.26362,-39.871773
645,biqjlddj,-106.228775,-26.896486
646,uj96zdld,-65.28258,101.15646
647,z5klydpi,-36.912945,115.473785
648,e18licyc,-11.680264,-84.25768
649,6vloa2w3,-65.30188,-45.636658
650,7zw2kue9,-10.464995,6.778388
651,yp7zhgj9,-44.782436,65.49242
652,8xv064k3,-40.11249,111.912346
653,6nas74q1,-20.663832,6.0236197
654,kqcx7lrq,34.81524,-9.226691
655,a0pzw26l,-39.587135,-54.701
656,qfb7074e,-4.5853004,-36.294647
657,g3a9onb5,63.39847,-32.79186
658,jzwcy7dr,-67.90419,-66.342705
659,ybd8hi8y,5.1428976,70.72826
660,lmoovnhk,66.30458,-54.133183
661,ap4ro5me,-92.30909,-14.598231
662,z9nh6yjj,-43.54776,-13.601532
663,50pu07f5,55.312843,-1.3803704
664,0zsn4lu3,-80.5203,38.15056
665,zlzag6a8,29.57012,70.32889
666,sc0ersky,-103.27886,38.283257
667,o3oec843,-1.1271144,13.945717
668,lj1nd922,-19.226809,-150.56657
669,qburpi9u,-44.487194,-13.990931
670,3bw7jbzq,68.63302,16.353016
671,gnnd0zmo,-90.77601,8.366288
672,9zxftrgc,-10.626117,-143.42867
673,m4sp9sjn,11.653339,2.5306292
674,pccw41s5,47.17028,-5.9144187
675,pcnp1965,0.3941061,149.82921
676,ps5zac1t,-15.24172,-133.34285
677,x2bkmtw1,20.200478,120.92621
678,nf27fe01,54.907864,33.704655
679,u14tj0so,-88.91711,-76.52876
680,p1yr4zqq,-3.6311915,39.233093
681,vyci1ho3,29.277298,-21.629873
682,0if5z3xp,-54.0105,110.93621
683,2z14p4oh,1.052253,3.3023808
684,fdfm52s1,92.39208,-93.1662
685,fa7s7xj5,90.37152,-101.45129
686,y0m1utug,-99.08819,-33.26003
687,goo993eg,-18.990625,-140.83664
688,yne3nu46,72.16345,58.86778
689,gbf3ivzc,-25.186787,-53.732704
690,0zj98cx2,115.87832,-30.767466
691,r2fkckdx,100.83009,-0.28979483
692,amtrihpb,-75.8482,55.59745
693,d93d3mds,22.807533,79.61293
694,782iew86,52.58604,-40.693478
695,zuvy8htp,43.793694,92.226715
696,lli46azw,42.668674,10.05531
697,60j1dm90,-40.305138,65.91895
698,fk9ww8tm,43.283146,12.293436
699,f5aog3ky,-4.4644384,-115.952614
700,4prvgmvt,114.324165,-55.01646
701,zq387qo8,-84.2153,66.28077
702,9g8rwsm1,76.89464,42.647587
703,wwucmzyy,-58.55509,-77.98741
704,rb8vf4q6,-77.71458,-22.82592
705,241229pt,123.64504,83.73059
706,19sejitq,89.255394,-92.459656
707,d0hrsiu3,92.40457,-9.264425
708,0pe8691t,-59.05856,51.418613
709,w0ju0dcr,-43.654068,80.96817
710,j6o3141a,88.20755,7.266397
711,09yxnwzy,-1.8722398,-5.8877277
712,k2keaggr,94.868996,12.904989
713,zdb0xjic,61.63,-9.050769
714,1n0rg5vd,90.887474,-100.983536
715,wifs97yy,-81.8438,-66.61862
716,j46329o5,-83.00334,-84.38977
717,ck0xawdc,10.505539,-103.30841
718,dxhhf0th,-38.024773,-6.311659
719,xflo7uyv,19.161352,-74.196785
720,bzex0385,-18.71077,-39.869816
721,kwnteqg1,89.284195,-101.29871
722,omq0becw,-52.369717,-83.17764
723,ftxq9g7h,1.1197685,-134.01677
724,vrnonccy,-89.77562,34.293472
725,d5d3y7jf,37.89288,83.587204
726,ikq38rm1,6.430411,26.44618
727,s0otfnjw,44.7973,-57.70036
728,299oohbp,9.008387,8.715376
729,5y9kfyk9,6.793321,-20.113161
730,z8cbbit3,82.39524,-44.703407
731,4arfk93i,-74.58606,13.22303
732,2zhaknbi,-21.414255,3.0972345
733,dm4ddxt7,-4.8010716,-114.80372
734,ahuzdwtk,20.582817,83.41916
735,02tnwd4m,-34.987293,-15.989401
736,qg2r691d,-8.544496,32.046078
737,d65r6q69,89.07217,-24.343779
738,m6abyuvx,-73.31471,78.53593
739,bg4au9u2,-78.35722,-55.356476
740,hwlvk68z,110.09809,10.540644
741,yxtdqjay,5.7096934,30.683514
742,xrsyj1tc,5.6408615,-114.09699
743,yvd1n42f,24.082047,-44.89389
744,1jmhvclq,100.86991,31.282059
745,zl4abcn0,-37.92118,4.4112597
746,crjwej14,-40.375732,-53.45468
747,iec4mvh7,1.0214672,4.6588845
748,l4fauo0l,11.80969,115.50474
749,4ueabl9p,40.120083,-22.672255
750,5j496cx0,-39.829445,-14.367487
751,zyyuennc,-25.623072,1.473469
752,ip32y0j5,5.4761915,-103.68422
753,nuwvge0t,70.996414,-78.60418
754,v5surcw0,30.186012,-53.438416
755,gefoauz5,20.261246,38.376514
756,c1uom5f7,-15.930779,32.261684
757,iq30z094,-34.16079,27.64769
758,n3t7on3s,67.56418,-53.934055
759,pm3dztyv,-57.19419,67.02728
760,271vldil,71.223595,-38.033066
761,5xklsfnx,-123.47377,-17.978926
762,10ynhrl3,-99.966064,-76.84751
763,97dsp9d0,53.60301,-28.02868
764,gynpp0rn,37.895885,82.46052
765,kjmz9c0n,-102.391594,51.625137
766,aaglh001,87.52495,-12.579463
767,k1hwh640,-52.800335,8.461627
768,k0p166fr,24.341524,-74.899155
769,cixdw87l,50.885918,-109.45083
770,f29y8vh5,75.363914,28.996223
771,5l48fvx2,-20.121983,-52.463394
772,1f65y7j6,18.632618,64.38151
773,g4puurhk,-23.94972,-13.005964
774,mticfoic,109.7899,11.573761
775,oeop3pzo,76.69193,-13.1584
776,gowyfu55,-25.184404,-19.716793
777,xa9a5p0q,-26.848774,52.17475
778,1qo1krxv,56.214012,-112.92419
779,bufbjdmw,-98.39221,23.14968
780,noscodew,-99.13291,37.5913
781,ujquw0g8,-61.93634,-9.525694
782,0y3pvht4,9.30453,-26.331064
783,lfv0ypjv,27.630543,-74.68253
784,g3rfwhwr,-81.044945,-24.509779
785,uj7lyawj,68.94947,60.693966
786,g370ygbu,123.60497,82.24156
787,howix091,-16.419405,7.5869446
788,zokd0uxp,36.99845,-90.70692
789,afx7hacm,41.983982,93.614
790,y1nr8y25,121.8814,28.863058
791,6gow0x1v,-56.983356,-98.41292
792,igo8c5kb,-101.04315,-22.176868
793,ysyz3grd,97.04614,66.7258
794,5d64esp4,7.1286573,-3.6053276
795,ujgcsx3o,-61.368492,-48.64886
796,pci4rhkn,-79.68368,37.82192
797,llilwq1u,-52.5685,-22.086039
798,y0muda95,51.72705,-85.6674
799,gp7x03lb,61.20168,-56.6072
800,s1b080p3,-66.727615,-64.30466
801,0bwxcij3,-22.155306,22.055742
802,ee3p4lvu,15.982604,86.56045
803,i34vmfpp,-96.57679,-6.181524
804,3ttro2mq,31.567572,69.487724
805,5b29wtim,54.07508,-39.58946
806,x7wva1ax,-11.47915,5.6252666
807,5hwqdnx1,-81.84739,20.442945
808,59yvbupx,-59.63538,54.118084
809,zvkxormv,-25.189375,50.619907
810,sluqq1px,2.2050083,34.583008
811,0e34chf3,129.60396,22.89708
812,jd4ppm04,-53.856102,-79.52369
813,lr302hur,51.27782,-109.372055
814,05lnj3w0,-54.71139,-22.208452
815,6krujv2m,-83.90227,73.5995
816,7qd03xfi,-17.944904,-136.45982
817,ivz4r389,-78.3125,25.052744
818,g0ke3xh1,61.75258,4.6653347
819,yxne28f0,89.478516,-15.011012
820,a1sbdhhn,-69.22115,-83.0751
821,x7f9927x,63.620834,130.38678
822,k5xpirfz,53.913074,-28.508816
823,o2mim4it,-33.188305,-97.7933
824,4kl8ktt4,79.698044,72.279785
825,0j3efvfe,-32.981472,93.38023
826,vnafx1ng,-81.6003,-26.936556
827,ftjnw3an,-41.31368,7.808313
828,zzc7n84w,125.29298,27.365036
829,7wv4cb37,70.53607,-99.855736
830,etzzlryf,-16.23928,27.727978
831,qww6pe61,73.13272,28.40395
832,1xgjdhkx,86.63264,-68.24536
833,ztc5holk,43.9397,-62.506523
834,ij7g0ynq,-29.034193,91.5182
835,gbwz7225,-61.670506,48.606037
836,8epqe70m,112.9353,15.133242
837,u3u2k8hj,46.85473,-8.946572
838,n4duwd0x,19.821579,83.868004
839,qm7fjojv,-75.96186,30.408144
840,t7rxmzvi,-30.361261,76.37975
841,4psg0z3n,80.70846,42.77537
842,m5qabh1k,113.11926,9.4930525
843,ee7lhyzr,-19.101278,-149.9255
844,e278thvo,33.973373,70.94544
845,irysq6pf,89.11528,-12.881274
846,g5sum116,51.57628,43.31542
847,3wt8z1gk,-40.382904,-5.7702465
848,ow5wt781,-0.37940967,2.6873581
849,awygbo1y,4.1985,-95.03461
850,a7oqm956,-18.537462,-79.32217
851,ayz80rvp,-33.086143,-42.240475
852,67oorg1b,30.170555,85.77702
853,i55gwn3s,-45.51768,-75.305664
854,35kfabe1,7.2878184,-15.731388
855,zspl6qv8,102.43416,32.913506
856,y24kbzy1,-51.137844,-29.824656
857,lu2qnxqw,-96.719345,49.48124
858,t3zampk7,-81.39187,-73.905396
859,bz4rr6bh,125.448494,27.237862
860,eiqypt0m,-32.988956,-24.240582
861,qkwo747o,-46.97001,-129.93509
862,1axxmq84,-85.7558,76.80078
863,6k41sqxy,53.87963,-8.734291
864,bbvxu8op,83.88928,-19.807219
865,wt2gctys,10.00001,85.172104
866,91fhb66m,-12.832709,-57.13695
867,yjwm84ub,-44.20413,-20.639746
868,awn9ayy6,-117.61802,8.169715
869,p6bktqvh,-15.62164,-39.285862
870,x4hdxx1t,-33.780685,115.65053
871,1awau7hm,23.909506,-94.27224
872,epkw6222,85.96702,28.281145
873,s50g754b,77.25825,41.436924
874,pc4x5e24,19.384724,51.397804
875,nnhs8k0i,-69.79393,97.200554
876,1rzcrkmt,32.5555,-48.824837
877,73hw8922,-31.460194,111.68075
878,6hwedoh7,64.66284,-74.19873
879,4qfhltg4,22.837149,-17.937506
880,ussnj6ux,-19.169207,42.647526
881,3bdey2mz,-3.6321743,-35.81293
882,vnxnjgx1,-47.87026,76.654396
883,6it6pukx,22.088688,-18.017551
884,7s25wc6p,-39.007168,71.58666
885,2gzi3fo9,-35.620724,-27.819836
886,9voqa1oy,-109.196594,42.063206
887,4eyn7pjq,-50.305676,31.992252
888,kzyxzlrm,-60.1016,116.23217
889,2lz03oqb,10.425885,-112.96618
890,wr8mngg2,-46.95137,78.613754
891,jo883b0y,-71.91327,86.865746
892,jigc7nr7,85.38768,87.51609
893,f2zc5rjj,9.575609,20.32937
894,ie22xisg,62.306995,-46.05415
895,dg10rf2f,-7.8906007,-0.569185
896,td2uk2wc,-55.67539,14.855556
897,sgmk96vr,92.17904,-92.89296
898,cn7qo7hb,-63.39759,102.13299
899,a9o2dvke,-50.499924,95.7796
900,jpow6iw1,70.683365,-78.35699
901,fhm8abxp,20.509874,40.44203
902,jb05xemc,-6.858507,-134.59705
903,0tqwjdhd,70.34013,-41.936924
904,q8n34269,-37.520084,94.8585
905,3okytwd8,83.55235,-42.928932
906,505i9na8,9.221815,-65.14429
907,1fdmmdll,39.806973,129.29393
908,8vk89i4h,55.82486,-32.29726
909,pjbr6yl2,60.9396,137.00194
910,hvoohrjf,72.37562,-95.06547
911,uazbc26u,-49.80575,97.529976
912,8ikut006,75.28688,-54.264313
913,b66bb2ri,-53.874016,112.8292
914,pwtouv76,-3.1569533,99.91977
915,8ctsa9sd,55.021137,67.86617
916,daheoyro,-124.83898,-6.1803303
917,up8ii8vw,111.54369,68.472305
918,e7b1guwq,6.7708063,-19.916565
919,hd12p867,-119.83248,10.202288
920,t74b5j2j,90.6873,28.264452
921,l92nlegt,-58.78059,111.92938
922,ttyo4z6f,9.475849,63.517296
923,rnvh9ut8,-40.76427,-67.694145
924,s0l3uib0,-8.594907,-32.251675
925,y9isrt3v,-28.868267,91.439835
926,ckpg9f97,-58.1542,-78.622604
927,1pbd4maf,-62.076405,-48.049667
928,oi9j5o0n,42.788696,134.86575
929,9zk7t1un,19.487192,83.491585
930,y7urtkxo,68.93012,-44.03405
931,944gun8o,-51.47148,-50.69997
932,fae3sczm,91.58451,-25.227568
933,rzzsmuoc,74.809975,1.5066835
934,3amxb7qr,124.24567,68.932556
935,e2p2e8rl,-27.370014,51.955795
936,e32klwb1,21.31192,130.9831
937,5tkvsudh,-77.74535,-54.784092
938,j6q2q0ko,104.99124,66.99896
939,zgapjjjw,10.37994,62.96341
940,dw5b1o45,121.363014,71.77381
941,0epeljaf,-45.790443,-71.523735
942,9vnthmfn,23.18216,79.149475
943,leedutqo,-27.297909,90.04575
944,x8yswoua,0.008954777,122.61824
945,kp06yxbf,66.221085,-2.6678467
946,zss38mct,50.002262,36.11443
947,zzkkm496,80.79178,-35.431526
948,qol5poan,-88.8195,-75.380295
949,rsnblu4d,86.12284,39.940468
950,7cgqxt2m,17.611055,-16.275434
951,pzbhq26m,6.8674965,24.597288
952,85o1qwma,72.55309,-100.48324
953,zlmhwz7k,11.820502,-6.140749
954,8m7spnxj,45.61573,31.036858
955,lnuw4gye,24.811592,124.61744
956,a9wmor1i,-30.389061,36.319176
957,0p8lk12m,-14.839649,29.836987
958,feh9iswj,-71.88773,99.27118
959,cyrijv7b,79.97946,-36.084137
960,rybpiuru,7.6104207,116.40787
961,b0oiig7g,36.112858,-62.25825
962,rlebw9ez,36.859837,126.85225
963,xmbzmeo4,76.01183,-0.006972828
964,5blxgsfi,112.23025,81.38723
965,lzquegwc,55.447735,-10.984338
966,dgd0b4st,98.79251,35.16571
967,wek9wp6u,41.62452,78.797066
968,as03o4rl,45.963566,-9.476088
969,l1khrk52,41.05692,96.818985
970,x6m02voy,-83.93454,68.69428
971,fcrdrc9y,-52.685448,9.795557
972,h0sqs7dc,8.477226,-15.294348
973,mzn448zk,46.089687,75.21588
974,ujf6v8x0,-72.059235,30.45211
975,uj5gcvmd,-35.31708,115.57723
976,c04la608,-43.83038,-96.36297
977,r938lfrr,-34.283348,-22.574266
978,bom9fk1y,-111.970505,36.157314
979,wup6tig0,37.165855,45.126366
980,ndpmze2f,85.22535,29.037603
981,ymp1pj3r,-105.487045,70.129105
982,184kiuah,33.7571,-55.754444
983,g4aw4ves,-69.55276,-93.32347
984,8tif7p7p,-26.69891,-54.17397
985,pe0dqif1,-69.96647,81.36779
986,4y8ghcpq,-97.05978,34.016296
987,7m71pqu9,7.06461,43.17799
988,h7zxyzca,27.358438,15.681218
989,uvs3waq5,-68.482185,-67.49538
990,517gka4h,63.55232,81.899864
991,ucmpbk76,1.7065552,-14.146169
992,47496o0e,45.0842,-30.936512
993,5qa2z9jj,98.17923,80.805725
994,dp6vzgef,34.96931,5.9398084
995,kt9pmfdr,0.5785388,32.592007
996,a1t74jsm,-109.90313,-39.586864
997,pdnunlc9,-67.17534,-27.167862
998,sxohecoi,-89.75866,-25.681124
999,rpkoz2p9,63.64476,61.534348
1000,ff3j7i7i,48.089256,-9.34669
1001,lzhobnch,97.87365,74.09666
1002,sd3lqg4h,44.442642,11.241358
1003,7vhcf929,28.367388,-21.18716
1004,84hxim2n,2.736941,14.531742
1005,zar4py7o,-38.557327,6.4904413
1006,finpjfuz,-84.10899,67.153534
1007,oluq7v0h,63.763557,-104.09323
1008,gbyqrxg2,-90.98449,53.714058
1009,r7me6seg,-48.124676,31.495176
1010,nj23h32n,-44.938393,21.10048
1011,wx65qedj,77.20053,-14.095282
1012,36f6amze,-115.8782,-14.536865
1013,wubaahn2,-44.446747,-54.075153
1014,abml6wgd,44.754177,-55.072838
1015,9tivuyh5,42.829174,-34.858326
1016,p9mbmfaq,-0.068971135,34.836613
1017,0jyzk5kt,-30.873049,-97.76117
1018,h3owwjao,8.881037,59.265533
1019,ttu6xum8,96.52405,70.80791
1020,18aq44dx,8.623246,-125.794556
1021,fwkr2mka,103.814156,-29.49053
1022,erjm73e1,22.038702,3.6421933
1023,kk4lyoss,-114.70254,29.110258
1024,4voov33i,-38.59792,94.03358
1025,qyiw18ft,44.618988,130.19016
1026,z6ufx206,-90.42656,-13.438023
1027,bnl5qxlm,-16.7131,-93.23426
1028,lrtt9r1h,-66.54098,-73.53877
1029,o7ttiu97,-112.28474,34.61584
1030,x7dqe8qa,65.68487,77.81798
1031,cj4zlr3c,-9.507354,-7.838542
1032,hc9ssruz,-68.20919,98.619255
1033,4h5u4b4m,17.010128,23.782602
1034,hxjxczyr,33.845596,-84.86605
1035,llb4f74a,-6.085455,-138.8451
1036,xldjt2eu,-3.957529,39.418922
1037,7s6283y5,-109.56693,38.552532
1038,kz3b01wq,-24.370794,6.5177617
1039,q8gshba8,53.51818,42.328617
1040,eu4vlfui,-89.456665,-11.316348
1041,91uj6sph,-13.702787,-58.10458
1042,t0y0b0gb,-10.067955,-7.438652
1043,jfawhnsq,7.711032,-65.235886
1044,eo2bxxbq,51.807743,26.50447
1045,s5zr6tvk,-34.972393,123.21176
1046,zm6a9brd,103.812904,66.62556
1047,u7ior83b,-69.992226,32.520424
1048,geixma05,26.527462,141.62015
1049,33mqfj2t,-33.190445,-17.285723
1050,se4unhi8,3.4798431,53.525246
1051,v6uc0ijw,-61.497726,106.00952
1052,i9arl3oi,-62.201397,79.32029
1053,928pkpv2,7.66579,-97.180084
1054,t1ma6njp,63.27835,82.07236
1055,2ax1e7zw,-77.841644,86.90192
1056,qitzkfqj,-69.30108,-52.07153
1057,8comwpr5,-36.528393,29.502634
1058,a0kh4kap,17.509422,66.69076
1059,nzh87aux,94.364426,70.245415
1060,5rm1za8z,9.177912,59.4467
1061,66kuahlb,-87.56049,-91.68676
1062,slxdonqi,48.434,-37.349907
1063,9m3s1yd1,-33.07725,29.65476
1064,fvx0xof9,-59.25766,-64.04105
1065,5b936n3g,94.951485,12.966405
1066,h74ux547,-65.31037,97.644264
1067,ebl8yc92,9.584264,20.05961
1068,zwfxnd7r,-5.8420167,51.431774
1069,4twfhdtc,82.532196,-76.20619
1070,e50a0suk,102.576324,1.656487
1071,jirkkkvy,-78.50066,48.775623
1072,u0w518yg,-32.950413,-132.65892
1073,lfvso15k,-78.07558,26.046005
1074,ud3x78u3,-18.687534,-36.265602
1075,rqohygq6,66.95228,77.95642
1076,98pr8yed,-64.59994,-52.503273
1077,l3ej1hdk,32.866436,70.21407
1078,xaohrtq7,-61.38784,-55.02689
1079,zjufx4fo,-98.89912,-33.869434
1080,cq27eq5h,98.82578,69.81007
1081,uvf5qzfd,-94.55953,1.7277738
1082,ug7v899j,5.006817,-50.785355
1083,wj7yonjw,-75.17649,56.503666
1084,xt6vwcu6,-54.51602,96.60243
1085,33y74q1k,-83.3647,-85.970505
1086,mlkaowqr,-31.521328,-19.483126
1087,01tncjq0,122.96871,70.807686
1088,s7h6884o,-67.54282,69.42732
1089,m2k8lf7v,-3.8022695,79.924484
1090,ic937w26,-12.726125,30.398401
1091,ndz3oarf,-82.72033,-31.170341
1092,kc1xl0sg,57.604885,39.639816
1093,6wu024ng,31.252731,-50.66159
1094,rxn5lges,-26.58017,53.577957
1095,kkh4gvp0,5.6319337,117.12752
1096,4458ra21,-53.375668,-62.79986
1097,kswby0it,-60.367527,-49.40347
1098,69tz7sph,-23.11601,-67.59376
1099,leiuve0f,-0.39010176,102.1731
1100,yy5gq0ki,-64.06529,-53.703053
1101,m56agj4z,4.3832364,-144.2009
1102,1h6jz1h5,-53.331345,-59.58619
1103,tkfozwpf,-100.380585,1.3352125
1104,vpm9drvz,-54.654797,3.777592
1105,vueo83vk,-68.72158,-106.88726
1106,jy705l0d,11.425919,63.745422
1107,64p3wpav,3.780201,-141.66643
1108,lvysec6n,80.17421,-51.654495
1109,j35b7917,-19.25205,-52.23122
1110,69gftii4,-50.656517,102.69631
1111,ly4f42mg,-21.242788,-68.3268
1112,acneu8n7,-36.98208,21.037245
1113,yjaiybwf,-75.252686,13.710339
1114,zyzgk2z3,44.407913,-12.450638
1115,pgqsezq2,-124.84952,-6.174441
1116,yt9cldeb,28.805868,85.73355
1117,h6uwhjzl,-74.42862,12.312525
1118,xjfdin77,-32.069786,36.687916
1119,z5rdf0mi,52.04713,-41.458645
1120,ajafw966,-23.08954,-20.75651
1121,vlns6j0j,128.5659,23.604002
1122,89j0om5b,-27.038979,2.317008
1123,z1tt014r,-49.256416,96.75202
1124,s4qki9l5,-38.20425,8.597773
1125,mwfr5tzf,23.648409,126.14161
1126,mx0lk0d8,77.35202,43.637077
1127,wwjbzj1g,96.05331,-32.916
1128,5l0fthw3,115.12058,70.15348
1129,mbzh5nkf,7.8304205,116.23067
1130,isw6jeir,-9.664018,-113.06877
1131,2v9vcdxf,111.392944,10.466112
1132,3euy4u9k,57.357906,68.61506
1133,yx6p2yhk,-60.448936,75.90046
1134,9ytbn9a3,96.5148,70.41281
1135,zwbc7nnn,112.55119,-34.378567
1136,xteeybsj,86.78115,-6.708126
1137,ueglfhux,33.663067,85.202385
1138,r8m6cgv8,-18.59215,-53.10148
1139,6c3zb3g4,124.40188,68.69045
1140,b1h8hweh,-2.6428368,-5.894491
1141,bhlxglyd,4.392214,68.83622
1142,ec5qzurk,98.949486,34.93409
1143,h8upyzb1,1.8368142,-115.90249
1144,wi055syt,24.819843,-93.96787
1145,uqw74ra0,-12.305576,-82.94495
1146,qhhdjgeq,-98.06459,-6.7137327
1147,2ad1tu4s,94.06511,-59.15346
1148,seass3p0,35.436756,54.303246
1149,nzk8m912,85.722786,39.620644
1150,3dgjv0x1,85.36077,-10.447732
1151,v5y9s97b,81.58982,-79.94063
1152,t21l6i3f,-61.40495,60.532124
1153,xf4yy6i1,-65.63272,-56.475426
1154,104sqoxz,33.623226,-37.117893
1155,njaw5mra,100.248604,32.65647
1156,rxtd3ipr,94.9983,-41.983738
1157,v39rtc3p,-61.06869,76.24242
1158,bu43gmpc,81.56589,-79.70923
1159,gvzs9vxr,-97.10008,37.343357
1160,7tb5e05h,-67.99641,59.333485
1161,dg90gulb,-104.98468,71.86929
1162,icbf8o81,56.830875,-105.31415
1163,x8sw5wdp,-92.30665,94.26064
1164,mgb5dwt2,-20.241116,8.267215
1165,9lbj9hzx,83.15983,56.24957
1166,sx8821wf,82.31205,-5.1079836
1167,9717nzr7,-71.816895,78.71967
1168,zwp2ujli,6.4868565,-5.594091
1169,ecey1cyz,10.368621,-99.888214
1170,w52dc97h,94.47556,-29.741869
1171,3t97ubzc,-75.60513,29.664171
1172,i5fcedbo,0.39408663,149.82585
1173,g9f6bdlp,37.020042,127.03745
1174,fq1su77a,81.91835,-96.754135
1175,9sgrw1qp,95.91976,-80.49611
1176,754nln40,-89.9802,-43.972305
1177,sk9lud0o,74.25086,2.2158294
1178,qcbw8zkc,-86.0543,44.65074
1179,ol8di8h7,26.99523,-9.231094
1180,76aeat80,-65.827225,-68.02915
1181,isyjyqjj,111.39637,-9.53819
1182,tonaaft2,-40.46491,-7.0013943
1183,v01vwu00,-18.252213,-36.83291
1184,duwfxeyt,81.309235,-40.418034
1185,xsbbfqex,10.079151,116.06616
1186,66yurgph,83.6965,-76.599075
1187,8au7ee79,53.434322,-96.67053
1188,ir0rbr0i,-81.49783,56.85667
1189,f9cgt2z3,-78.42383,-81.32425
1190,q3r327z7,112.21615,-55.66824
1191,8rxaih7e,18.956678,39.5626
1192,9r20hxks,-116.22181,-12.534302
1193,jiw3cji1,-55.80343,-44.327805
1194,735b7rpv,-41.788586,-54.61551
1195,8lvzab4i,-33.791416,-76.72642
1196,33f94doo,1.4235823,118.52138
1197,f5e6mj7d,-91.57358,3.9490893
1198,ce3sd1ju,-91.22254,-64.70177
1199,8xvbnuv0,-107.91912,-25.233578
1200,n6c6ktqr,-3.1146166,-113.413155
1201,n7quwr4s,-82.09474,71.270256
1202,z8oh082s,65.32471,-72.793755
1203,5u6mhr82,-59.57152,113.841446
1204,ragy7afs,-47.18999,94.94716
1205,m1xf62bf,84.14072,72.3985
1206,9kroonl1,-60.020393,21.77144
1207,3bakci02,81.84872,-41.281624
1208,t8ula7e4,-6.780276,33.257874
1209,1r1ueuk2,-74.7664,-34.545284
1210,bco0nloe,68.60575,91.256584
1211,zbogocki,2.4000556,15.895754
1212,rfwzj1at,24.024687,78.27936
1213,sf3vhpeq,11.536931,2.8888671
1214,dxbrk9kd,-48.111553,95.721405
1215,58czem0j,73.253746,14.091745
1216,1n69h3i3,104.67307,29.23943
1217,tkjkjd7w,-49.143444,-30.331388
1218,06e9lkwl,-40.898396,111.279495
1219,rl7sdzd7,-79.905136,-80.276436
1220,8olbj1l8,-89.49288,5.4298573
1221,d441jam3,-72.384224,98.507805
1222,d37u3qbd,84.57238,-47.057922
1223,0go1vl9q,-47.808838,-85.94667
1224,7whai7nr,-3.599133,148.68433
1225,psguw47w,-40.106567,-3.6099699
1226,hohrbxyj,-68.94252,-94.608315
1227,cpu38ryy,-45.319244,-94.82156
1228,ff2zadol,55.945576,-105.629616
1229,ft5wl70x,-18.0892,8.133409
1230,r7y1cqou,-110.05288,-23.59746
1231,zz1zarbk,-20.922665,-17.32154
1232,otqv6hzf,-48.857227,-86.264244
1233,eq8yjxy3,13.826997,-2.5604136
1234,7uy98rfk,-31.231018,-19.036116
1235,dfaxj3bv,0.12094605,-13.29938
1236,ze511t38,-36.968536,-25.363676
1237,hgpn8oba,97.78937,78.17739
1238,iejfgkst,-50.231506,-60.28085
1239,7gk8uzo0,64.73795,-14.664795
1240,rb5vwolt,-47.598763,22.414036
1241,0nyy7vjo,84.58645,-44.964684
1242,jkg7qkj6,99.55737,0.35975188
1243,izea05z4,-45.18271,-71.87809
1244,2aku9prp,62.263477,-104.589195
1245,j1x7js5z,-2.059224,65.958565
1246,qbct63p4,-142.24487,59.513912
1247,lvs3gy3m,98.224884,81.09339
1248,uk7eisr6,-32.293835,27.258574
1249,piyo00yg,92.2776,-94.30509
1250,30oad29g,93.53225,-63.012028
1251,dgtyacl9,33.627033,-39.05122
1252,gth58p4s,-95.46902,91.8131
1253,y5m6q5lj,0.89541805,67.27068
1254,pebc17zw,-12.822149,-82.00842
1255,tihc3ldd,-94.25834,91.74946
1256,rrscfo33,7.4172883,-4.823801
1257,x80cs5bc,4.3242807,-140.55179
1258,5w7cubqo,11.375056,59.829803
1259,l9862er0,83.066864,-97.07217
1260,irw9kyfn,66.855034,56.865368
1261,q9lfnu6s,34.822342,-55.56714
1262,46673uro,82.632545,57.224846
1263,1dx2ox4n,-70.12234,-92.55911
1264,5dk231qs,-123.656296,-44.244015
1265,ya9klbbm,93.20274,-95.308395
1266,63bos83o,56.53298,-20.502619
1267,l22gfc6r,-44.356995,87.878174
1268,t7004uw2,91.2929,-15.532987
1269,zq8kqf6h,56.071518,16.568727
1270,feohfmbo,-19.817446,43.429657
1271,mzcvilbw,-79.82077,85.23301
1272,645zegcv,-22.307621,-58.455433
1273,ej0e1c4d,-20.209335,12.362763
1274,ckkcpt1b,75.9587,64.40413
1275,x4owsq6f,20.33381,136.86992
1276,ob2xoxlq,6.1329393,-93.11709
1277,b4zcvd04,-89.89447,-43.599792
1278,qdfrjvu1,2.756767,47.028877
1279,nag4at49,-94.82492,43.742943
1280,xxnnq1w5,-18.8658,-148.58815
1281,nebf6u0z,-113.93551,35.99668
1282,e0tcmzl2,53.729618,-98.20809
1283,1jogs44p,-55.61884,109.700195
1284,z5p3a64x,-43.50268,-129.09131
1285,tibu8530,-28.911835,-65.45751
1286,85pu5mvm,-5.7099032,-138.6
1287,o2os9jj6,70.09172,-39.51897
1288,2g9dc5z4,59.89266,82.198
1289,jx518gz3,82.85623,-64.851
1290,gyzbzx53,112.690025,-34.269836
1291,2ykzxu1z,92.333275,-23.00389
1292,2yvyiiuy,-6.9279437,28.14534
1293,7k59ogn0,115.38328,6.5225797
1294,0bkskibk,19.374739,120.34584
1295,ubpbdqtg,-33.91139,28.34584
1296,yvtsgqco,46.330116,74.97803
1297,uylgyhs8,-3.8499541,-135.17992
1298,od3o9s04,-70.44312,-83.825
1299,dh9n3j23,54.53016,-39.340767
1300,ertnvzwk,115.708435,-31.193972
1301,8vfks3qs,-2.4407332,148.72002
1302,y1ca2vt0,10.625806,115.93099
1303,xvc2154y,2.3578186,-113.99857
1304,aghh3orn,-109.85219,-87.053825
1305,048eszf8,104.21831,29.76099
1306,ya2hidlu,31.913498,-49.73681
1307,2528jrn6,-101.84402,-8.769258
1308,6lvn10f4,-4.8948803,40.191753
1309,7658dmvk,70.17962,-76.43741
1310,1px4aq89,8.450485,45.19136
1311,9lef54l5,-61.735996,50.303314
1312,4ic2in3i,-6.654529,32.382183
1313,v8cgamy6,-67.201996,-66.07563
1314,g2pb02vx,-118.15087,30.16043
1315,cbl00d50,34.535213,-10.644733
1316,bkbk7h78,-60.559895,59.93965
1317,j326imb8,-75.1422,72.084236
1318,ku2dsy4f,-76.640854,14.5772
1319,65drhnk8,-37.881413,9.697449
1320,gy2b7of9,-2.7455738,-135.33456
1321,ss1435el,-99.25713,-31.894855
1322,gt2pwc9b,15.91997,40.293888
1323,lz0ff16u,44.61546,-9.01953
1324,cxzlmfst,5.087664,-106.56079
1325,8b9qjk7k,65.42033,39.75541
1326,hx77tpbt,-45.66148,-12.957426
1327,uu1oz2ei,-122.624466,56.64042
1328,b3ncc3kh,-69.45308,-66.29159
1329,ngn9x3lc,-15.329849,-80.340546
1330,tf9y0xlt,-8.156482,-0.2341428
1331,zrz6jyma,46.309177,-30.659227
1332,pfdnmzx2,-101.831894,-8.746971
1333,lxdbwd5n,-90.97338,53.718
1334,9r62ffew,70.3062,-77.53716
1335,u97oem9c,-55.830723,-60.906807
1336,f72hl6du,7.5953264,42.779865
1337,0vm2hhdr,84.32021,-10.741141
1338,iqflllk3,-45.296253,21.354816
1339,imjiwslh,101.82746,54.934914
1340,pbahviaz,80.28678,-42.07632
1341,zqcu10rp,99.26514,12.102903
1342,8sb5xqxc,-0.42565435,101.225426
1343,73ww76h9,-41.626385,-69.02326
1344,6r25jl11,-49.12927,31.501188
1345,qg1b5p1j,-49.805912,-133.62364
1346,2ygb80sc,-70.345924,-85.33826
1347,2qpw41ze,9.488954,-13.736949
1348,ww9k0cf0,80.21936,72.848404
1349,uota1gu0,-13.365052,-79.03678
1350,s76c5ebd,-53.924946,2.810482
1351,mkwpuav6,62.924404,40.478024
1352,l2rvdjnl,-5.873528,-113.15941
1353,k53e8r3h,-39.93862,19.72892
1354,qevosik3,-88.798645,41.354885
1355,bpnfupzv,38.856033,130.07088
1356,wmphlnpt,-66.254745,-29.48008
1357,dvh0qrgp,32.238735,122.643326
1358,u3f89kvg,94.70838,-63.20317
1359,do50gvdd,-19.527529,-40.052185
1360,8t0jvrts,45.532665,-21.434055
1361,rb45gk2w,-20.371674,-68.93782
1362,pjv3wy80,44.527687,77.7661
1363,lli45kok,-71.03548,88.5113
1364,qkedjzqs,75.68712,-53.361134
1365,unotv53r,29.118282,142.24117
1366,3gwm1c2f,-32.513054,-41.061462
1367,g7mjit8i,-48.278263,-60.49458
1368,tloaa3v1,60.65958,-46.686504
1369,cai6tqxq,56.1191,0.06834291
1370,dcid9emx,-27.765228,-54.518513
1371,b7wp0gqn,-5.5069113,8.544307
1372,6f8vyziv,78.00945,66.75425
1373,rpnuauwz,-83.30248,22.40873
1374,dy0w17fy,56.644894,-18.486542
1375,m71xkuo9,-90.34222,-45.643772
1376,byp2eqhd,-46.25738,-76.79186
1377,533xlisc,-78.96126,-82.30569
1378,w7uhqsio,12.31149,135.87296
1379,01b0vnnm,-122.61734,56.639553
1380,nadhhe5k,-62.255875,79.49669
1381,qzkpik3z,-56.517685,4.9018874
1382,9vw76cic,54.95484,-104.999435
1383,bhtl73z9,-81.21854,-73.54057
1384,93my9qqe,-35.462967,121.26453
1385,sdjqth8d,-119.37463,39.28976
1386,l0uya9dh,27.3385,15.56502
1387,gznn3slm,115.534706,-28.060772
1388,uqr00nzd,72.01365,-91.7565
1389,m4jo053m,27.00883,143.21364
1390,6l6c7jpq,-97.98745,-5.929374
1391,dognow0r,88.389084,-94.21255
1392,adfigzc1,57.145687,-18.926888
1393,mx4t6s6n,-29.431435,76.72245
1394,l36f1gp7,33.348232,116.438736
1395,cxxk09t2,-49.37712,72.05256
1396,8p06bpt1,-45.483585,-131.2287
1397,lntn11a9,71.344124,15.263893
1398,39rbo0f9,-69.25862,102.83342
1399,kkaxha7d,88.299095,7.192777
1400,dncy6tdc,-10.015492,-44.60719
1401,be8rxglx,-12.669457,-77.57655
1402,u87eaaj8,-109.17628,-24.512186
1403,fpdrtco8,-35.84078,64.54991
1404,mu5u5bvj,91.97738,-31.438454
1405,n38e01bd,125.154,16.150787
1406,nge1itgk,63.218254,62.780148
1407,ur76wh1x,4.800145,-143.26416
1408,cwetpnei,87.39298,-69.46972
1409,32jrya90,56.671276,68.05614
1410,pc7kxgv5,-40.532467,67.65434
1411,3jnkki5z,-60.61189,114.02022
1412,vjxmrmfc,-46.536674,23.698597
1413,fjrq63me,-70.70957,87.321945
1414,8y8ho2x5,3.4003882,-103.61674
1415,wgxt36jv,15.389493,-69.35713
1416,qb9ewpzd,15.654923,40.40937
1417,1dus0u4m,-34.911594,-24.703362
1418,m31mb2kr,-78.48972,86.48474
1419,qifqc89z,-94.2865,-47.399693
1420,mooqhax8,-52.313198,-16.61569
1421,mggsospc,-67.016396,54.642612
1422,j9csyc3j,4.3238225,68.047226
1423,4z38v9rg,-3.9570796,-30.664486
1424,yc8rjjyf,23.028627,-45.85525
1425,ppzxvykb,-87.011345,38.201313
1426,qw1e5cof,114.435646,79.037605
1427,4eh22ek7,20.924889,-18.393341
1428,xij0zoen,-77.052124,54.360664
1429,0aiaklrn,-21.455631,6.279932
1430,msmq91d2,-46.763054,-132.5218
1431,lzw1q285,-4.5050845,61.782604
1432,4lmwa1yf,-47.28918,-10.53713
1433,sufwsu77,-46.74152,22.543732
1434,kbzh3trr,59.681435,82.18582
1435,7pbfxcmp,-16.366909,-71.29205
1436,gwlslpm5,-5.4410415,50.670193
1437,pr9i9swk,-22.108467,-21.101898
1438,4knbd4xy,-44.54058,-39.65665
1439,bqount8a,67.78659,14.80389
1440,gg4qi4tj,65.63459,-54.333473
1441,1qtqergw,-30.963747,-41.877262
1442,vhew1wwj,-34.53387,-28.463959
1443,e6a8qz45,-27.22106,-142.62494
1444,99hjjqjn,-9.086838,1.0664246
1445,1rhlu59c,20.10711,1.6433141
1446,qocuprwb,-72.12656,78.89618
1447,zvxvoygo,-43.42242,-6.630464
1448,rlbodumk,-37.18856,97.70415
1449,eabho73n,49.74202,-84.81838
1450,yc8wn5sn,-94.83825,-49.249443
1451,2ssrs0mw,-78.16305,49.372105
1452,wcyv6w47,84.82125,-74.61647
1453,w70or31z,-51.371315,95.17145
1454,plz1ja2e,41.293106,11.471357
1455,v2vw3an1,-75.69849,73.06482
1456,navrmhqm,-88.63388,42.967182
1457,p4exyu56,-49.810028,101.4689
1458,ecgyz78q,18.480036,-24.786625
1459,r3in76wm,102.03362,-21.303764
1460,gaxe28o5,-0.0316166,123.122185
1461,z313zltg,-70.71903,31.848475
1462,ary5eafy,29.43441,1.7672789
1463,vnwpzsu8,5.351795,-105.45325
1464,54f3q2o5,-68.72124,-106.8838
1465,js68cj0f,-48.36492,97.68347
1466,dtvzwin8,-87.31754,41.19459
1467,forh7lw4,-5.631022,-22.158075
1468,ipwm9uob,-52.986115,110.405365
1469,1gad01re,49.127422,126.87019
1470,01yc7lzk,-69.59977,-92.466286
1471,mlrzfbc0,81.42859,-96.60971
1472,yv9zv5u4,51.152668,-84.46552
1473,le1mc045,-38.506252,20.391546
1474,afgvzxfx,-48.013485,59.35212
1475,wtsyzmo0,25.756607,-19.98171
1476,majlef5h,31.034544,-73.253746
1477,1r65yam5,-59.43116,15.443111
1478,hp5x637c,43.348248,-34.02887
1479,e0wmnfyn,62.374153,-16.096802
1480,bfu2v53h,14.829964,-77.78578
1481,qic51knn,80.37688,-96.605484
1482,0wx6yoo8,42.39957,130.85419
1483,73nlxqgk,72.91696,-79.890305
1484,fec4kt20,97.49456,69.6936
1485,xq7wcxjy,-63.784576,100.626915
1486,a0e3kwbe,33.556747,51.37887
1487,z65xxk1f,69.0469,16.6979
1488,fsbemdry,95.5216,-11.3818035
1489,dqqcajjd,0.37690514,119.54729
1490,4cniomio,-90.69827,-41.244873
1491,crolji1q,-82.96717,-84.81661
1492,tcmgsmsi,-25.399094,-142.9609
1493,m9q4av7g,25.281216,-93.82793
1494,vret3sh1,63.355064,38.26023
1495,7d4blht3,20.440952,37.210793
1496,1rhy8td0,-52.940563,-41.98185
1497,zurd5d64,-87.682205,30.412762
1498,vdzktqm1,54.69087,-108.591446
1499,hqc7u9w3,64.234,-74.50102
1500,6sfleb1b,101.479515,-21.674667
1501,xodngfj6,44.95881,-62.86123
1502,62et5yso,116.308754,67.69676
1503,ujbclp35,103.799484,-29.504702
1504,av8b8g8c,-53.093018,-47.8034
1505,q26f8pv4,-23.42382,-79.71066
1506,wtpo1xvw,102.686066,-0.8387292
1507,3tt99oax,12.754944,84.28251
1508,68y733y3,-13.223687,-79.40862
1509,tkxpjlyn,48.838154,126.97708
1510,88wo4xen,-23.571468,-67.42508
1511,3zh8jmc2,3.0692892,-113.584564
1512,cxth3hyn,35.712982,52.48854
1513,lq9tp20z,30.716406,60.614292
1514,72oh3vze,94.6508,-79.64768
1515,drace2u9,50.060635,105.30275
1516,0mncitnr,78.47109,-48.809937
1517,0niak4oy,83.21425,-4.284544
1518,9gftenfz,64.34078,-9.113859
1519,o4k7auph,-73.46875,94.72648
1520,1y5nej0m,55.906143,-30.787605
1521,kvztcwu2,-6.4246073,144.6557
1522,p34ezktf,122.40371,74.33857
1523,e52wuc0h,41.915665,91.09159
1524,xlnxtvjf,-25.083273,5.4931226
1525,ga3mk6be,-85.37348,-35.807777
1526,9ka3jdbf,10.834039,-4.905026
1527,agja3onp,-32.157486,-41.33735
1528,0c5c2sze,31.878738,68.20878
1529,b8jlvkg7,26.957104,13.519736
1530,ef5d81cg,-24.274212,-20.085327
1531,q75spbgv,69.50745,-27.548153
1532,0jj9svwj,43.82095,77.40424
1533,gbdaad4l,79.0417,-96.42753
1534,qjunkqh5,43.46549,8.672918
1535,feboqwa7,51.062534,126.38618
1536,k7myxo6p,-30.777794,75.779045
1537,zwgnkegf,-61.40394,50.174828
1538,wk2u2a9w,-68.13123,60.135315
1539,uofygmeu,43.101337,11.328014
1540,ujtb7xgz,22.90732,121.668686
1541,pdjsy9a0,28.141317,94.07832
1542,chz8luni,88.50093,-69.52185
1543,ecxcw96m,-29.381813,-26.864841
1544,2fd5op27,-44.80907,-40.771286
1545,r8fmq65g,30.561386,-73.5877
1546,m9ni2883,74.37341,-56.411842
1547,es5t9kvt,-60.605827,15.334165
1548,7yo3qr0u,-117.238335,-13.761749
1549,6tnsjskg,122.31951,73.10734
1550,azb7nie3,-48.95376,101.322914
1551,qs82fva6,-112.36362,-18.659395
1552,1023f83a,35.35022,-61.5337
1553,x8hp66yh,-117.93454,30.147812
1554,znezo6tj,115.54815,78.54106
1555,azvscejw,-13.547584,-19.101072
1556,gr8qp4em,27.25631,72.29794
1557,tp4o7fxx,-82.06365,-66.455444
1558,md293k0m,36.304806,47.214108
1559,s4e08yvg,72.0845,27.349228
1560,amvlm09p,37.026363,-90.96171
1561,dc7fn26s,88.20368,33.52151
1562,6ylqnp5n,-32.592686,-99.19259
1563,sbxqwfmy,60.44905,4.4513035
1564,fo5apbjg,56.49878,39.69432
1565,uj4ymadl,4.547637,-12.538982
1566,oicbf5l1,-90.82781,-0.7607937
1567,4qbdytun,72.58396,-75.84709
1568,x53t9i4k,-6.654801,-31.384579
1569,xjspi65a,-34.98746,121.72824
1570,odnpx3ib,9.523767,-34.866108
1571,5s10b9zy,-107.11348,-23.48604
1572,ckl40b6c,85.901276,38.026054
1573,9uswwyxm,42.12388,-31.987404
1574,7ip36gt1,-12.891177,-17.305006
1575,lpf9lpky,-82.43784,-32.08949
1576,llzhzflc,55.81242,-38.89249
1577,ly8fr7lc,-59.836777,110.53753
1578,8yrpcl94,-59.08687,65.26295
1579,ij9mifov,84.64116,70.968185
1580,lrc0i6nz,96.33663,69.00681
1581,xxt4g8gq,-29.79773,-64.81802
1582,7vmevd9g,-34.885666,114.22048
1583,w2yt76nd,17.411135,69.12253
1584,kff3gig0,67.582886,-77.72705
1585,6lobyyj4,-32.871166,116.033165
1586,clyc1va2,10.41703,-10.425505
1587,0gt21051,-118.42341,-31.050728
1588,kdws9vn2,104.5907,31.91431
1589,9fr0m92p,99.424126,-13.203153
1590,pq7xa4rr,-90.20087,-64.79695
1591,x5601om8,13.408392,83.728134
1592,o13leezl,55.105812,-30.51833
1593,kbwmbxog,-66.10337,-57.081604
1594,gnww6pt5,-89.3848,45.492886
1595,u4649rtx,-46.139553,78.79711
1596,0r4z1zea,32.259155,-37.473614
1597,085v7n6k,72.07532,-93.07133
1598,newf1dqx,-27.30921,13.651234
1599,dby5aksb,13.075056,-65.05953
1600,2qds187e,115.9582,68.32652
1601,l565gha4,-21.302551,4.2409453
1602,c6elsnag,-58.69375,-63.909603
1603,b7kbyp3s,-4.08597,79.52541
1604,ew8orn0z,-1.9147527,-136.25894
1605,kamvao4b,26.837873,12.813631
1606,4tvrhpss,-105.13627,9.64908
1607,qk1pr335,-68.32162,68.00021
1608,f1frcjp3,-66.66305,60.420807
1609,qk37euo4,-89.82976,40.718018
1610,8s7g2wvd,-31.846952,-22.040024
1611,ihnndmee,79.59024,42.94717
1612,pdvaf3xa,9.568155,90.964066
1613,sn1a7ikq,-116.06506,28.89284
1614,xkqxawj2,-0.49362496,10.482864
1615,os1wytul,-109.75296,37.507706
1616,gebg8z4f,-65.42508,-43.935486
1617,nofojf8m,-71.72133,30.982754
1618,dzzlpz4o,14.812153,-66.56505
1619,zpk3gjwo,-57.712105,-79.03356
1620,er0a2jm0,14.735676,-77.79834
1621,szarwh0r,-58.781296,98.85689
1622,sasijnks,103.32794,30.904928
1623,e0sywsoi,121.68011,28.955631
1624,cn21fgug,27.758135,-20.897364
1625,2ffnuc8f,-100.194,-21.45716
1626,l1r416w7,-52.837666,10.029524
1627,g6nvhdmv,-91.13607,-24.41787
1628,rb098rnu,37.498444,-84.76184
1629,d0bk9gu5,-109.89652,-6.3099103
1630,pxzbirqd,-10.650383,-45.854088
1631,8qnrcgnk,-22.16409,85.8019
1632,cobv635z,-82.34346,-38.12843
1633,u3yvpcnr,-121.80703,28.696695
1634,gxqufddb,-24.964836,7.58109
1635,a18rch1f,-6.844578,-29.396278
1636,vub3ij8f,-19.849731,23.26453
1637,f6igj0pd,-6.7062306,-139.52501
1638,qqy1xgta,65.438156,-35.164314
1639,2yq3pz3j,8.036742,-102.58911
1640,absjerdt,78.336876,68.85487
1641,d7iwkatn,79.07611,64.4905
1642,q0onzv1z,-84.15664,23.495989
1643,piusm60c,-12.953553,-144.78976
1644,ftp67lkq,-140.926,60.24297
1645,f0vud3gu,9.523118,-34.865086
1646,ofpcgxce,-46.970776,-11.9715805
1647,gcjgfasj,-60.636585,-9.638833
1648,fk0t13xj,-53.69395,113.86497
1649,5704lsf4,33.696346,114.87097
1650,k6f3luil,9.813774,-102.415665
1651,xs7df6a7,-51.105762,-82.54899
1652,09locmnw,-58.55368,-76.86369
1653,v22k72tw,-117.72612,-31.09969
1654,njlqgih3,54.10969,32.675777
1655,3gz4dyie,54.208702,44.35978
1656,vw8xjo9t,18.922506,136.94989
1657,bujydnde,-49.07349,79.85642
1658,40faym53,20.037828,-42.025394
1659,xgwbl8em,22.603907,-9.036699
1660,53tl0sea,-88.15846,-40.3696
1661,t35n7bk9,-20.89588,44.71955
1662,t40ybhgb,-12.442431,-56.9279
1663,ek3baj4i,-31.307993,26.52351
1664,7jb9qegr,90.53101,-22.260916
1665,xprr8pmr,-41.408363,-68.69567
1666,880nqc0f,97.53196,-12.188581
1667,wtvfow2f,-88.98407,-10.195112
1668,06o7pa3d,-20.140158,43.807472
1669,3u77cp37,-2.318066,99.528275
1670,mfy5ln8w,-82.505905,24.35892
1671,cijyfa4j,-6.5259776,31.610756
1672,cav9n18w,18.15434,-16.628098
1673,eflxldnr,-1.6974379,-25.360964
1674,8zchiykl,58.804455,136.3851
1675,2g471tb4,-115.98903,-12.031692
1676,ovm9muqb,-50.500732,-80.7769
1677,kci1lkhj,-75.14484,88.12141
1678,q96i25vh,-0.42996567,-27.427162
1679,th0wddvc,53.24932,-7.977261
1680,e62cfqt7,6.8359904,84.47474
1681,kt6wqvam,-75.93357,-9.575256
1682,mig5zt5p,29.919146,61.896946
1683,wa4ght2h,36.687386,46.34898
1684,1pq6dkl5,-12.293035,-19.838818
1685,tu7eufzd,44.817104,-30.364372
1686,xsjdy3yz,79.81104,75.4405
1687,ty6lv18n,-20.619133,-53.650024
1688,z2u5frvq,61.52609,132.71959
1689,132oghxa,62.38194,130.47061
1690,fvoke2yc,-10.468906,6.506303
1691,fpsyem7x,-13.992629,-134.75914
1692,zmhobi0r,-6.218938,-32.377518
1693,3zevsk0w,63.2177,-15.577386
1694,biqiti2k,-83.95517,71.87486
1695,am24dpy4,21.367441,130.91116
1696,8kaim4z1,65.851135,-35.493446
1697,73zcxlqm,-1.6328573,117.94133
1698,a8rkvaax,10.123533,-100.10045
1699,3b8b8p61,1.0910043,-113.780815
1700,yggoeu00,79.88685,67.732574
1701,k2glr4pd,78.41955,71.35635
1702,o1x8c9o4,-87.410324,39.06705
1703,sctfgzdo,-90.523125,5.7427354
1704,nk2thkme,19.701757,-73.02384
1705,xj7mpyue,42.809467,134.44298
1706,tsvzg0ax,-55.332275,-58.97428
1707,jd028cyg,-64.75369,98.70064
1708,bz66g9a0,53.608257,-6.440984
1709,aj8nxi3x,111.59318,69.713615
1710,zlygzsm1,-82.532104,-36.270824
1711,8d4f4gmw,58.26895,-75.45249
1712,2ivd3u5o,6.1440587,28.773426
1713,9egy68c0,-29.370367,-55.185596
1714,00rk8fb5,67.5595,76.68606
1715,ojh7dw9v,-9.788119,1.8395025
1716,yujp9zpx,55.627445,39.60958
1717,ps3mnpzq,75.6593,0.42693397
1718,mgj9zfft,-8.814207,18.128456
1719,bjjft7ut,-35.415077,-30.136097
1720,hxw6z7g8,-67.45608,-26.50318
1721,vefs1h6o,69.6734,-80.02563
1722,p9o2cwgl,-16.41381,-135.47186
1723,9e9523i8,13.145643,-3.2610273
1724,j3w0f8oq,86.22015,32.506546
1725,gaemgm0t,85.147156,-73.87614
1726,wk9oxl4n,-15.331106,31.392006
1727,yjcd5nb5,-77.54892,15.147426
1728,na6rh396,87.09155,-71.20385
1729,a064ixnn,93.48807,29.045813
1730,l7rn00vq,33.48913,115.02825
1731,ppkjimsr,-17.712715,-50.438854
1732,82plcxv9,97.83425,78.27336
1733,fl8fm8pp,21.336864,3.2253244
1734,7dr1oqf5,-88.70182,-24.875652
1735,y4p3n887,73.57571,69.700226
1736,6u80p5sj,-55.800774,3.514913
1737,dqp4lzqs,-18.961615,-6.9880385
1738,2sdg5ll7,-8.241572,7.272983
1739,hnk7ok3f,35.72731,53.74522
1740,2u49b7xo,-89.903046,-42.177765
1741,huz0tpmi,-74.168594,30.100826
1742,w9iwmqgq,-5.331553,8.539683
1743,78395e3t,-117.92699,31.691658
1744,alyn1i00,-45.342747,78.3042
1745,mi5gcfcw,-72.666306,-66.07438
1746,kkhb2go8,-70.768555,80.63917
1747,e1sfuv1n,0.11996405,120.454025
1748,8oubjvvd,-38.14059,112.28269
1749,22veehj5,82.460266,57.53134
1750,tw6wusxe,84.2838,-76.97157
1751,yts4xppb,-56.71013,3.018779
1752,x4vy5bm8,20.59321,-19.64392
1753,9vq05yf2,-21.01152,-17.272327
1754,ge5iri3v,44.776848,129.95178
1755,tqln30vi,-83.415184,71.64688
1756,qfl3i7c6,27.913097,56.588455
1757,auwm2qj0,-21.721762,-51.293407
1758,01wsevuu,-14.277709,30.18942
1759,qva0jt86,85.431984,-16.012182
1760,fmgnavfq,-41.634598,0.6317749
1761,25qfbbdb,115.29147,-32.609177
1762,giw4z3ei,108.25352,-3.9522326
1763,uo185173,-18.92041,-7.0300417
1764,lusrcpns,32.64027,-31.566782
1765,vcgokgsg,64.14434,-14.95061
1766,qtoygz6w,-73.22766,60.970848
1767,fw6q4qpq,-44.289677,86.85645
1768,hf3nytb2,-34.07304,-95.27563
1769,ysrs0w40,-26.117884,51.47737
1770,nn9gj0z1,-12.429449,-144.41887
1771,dp8971im,-43.554985,-131.08293
1772,10j9cp9c,-86.71479,-91.55709
1773,n297c39q,29.71343,62.212334
1774,8g9jd240,56.48396,16.822462
1775,qz68gtd4,99.75518,-1.9907863
1776,rrezynbs,0.6819601,-29.332243
1777,2ju8t2cz,-93.01069,93.29711
1778,6rt3ty64,-71.78842,-91.82117
1779,icp5iuwb,-57.42357,114.313065
1780,8c8skz2r,35.84235,-32.690292
1781,bifebnwt,20.125917,-42.10782
1782,vy1nxax2,-68.891884,86.30604
1783,l2dc9x12,0.14151531,99.309525
1784,6ypvcpfn,-33.468487,-23.934166
1785,9ofqelrm,106.27437,-18.402029
1786,62a1d6vw,-118.42474,9.003694
1787,ocp6yodg,-119.42686,39.511127
1788,pkjpmj8i,108.72728,-3.4264183
1789,05ppugs7,-7.088027,-62.796043
1790,bm7i52gm,44.84697,-11.775533
1791,134qz0aw,-89.523796,-14.417303
1792,imxe4jeo,26.281267,-53.633255
1793,tvhybr82,63.88279,-9.155371
1794,izef7p9g,10.976688,135.19722
1795,c5hrdrtu,-5.750462,-94.03031
1796,spiud6ok,17.404423,23.275723
1797,bkreu1s2,13.902753,-59.08825
1798,pw7coi3v,92.564995,-31.026299
1799,tj1h127q,22.696632,125.886536
1800,y14atmnh,-73.08567,13.703994
1801,m57b8g9n,-73.191315,95.835045
1802,fite9vs8,101.08451,11.850277
1803,ejv2xln0,-71.43672,-59.25515
1804,lwzyoscw,35.380005,-32.79777
1805,gzq9xpe0,103.50014,65.91307
1806,ezdm4cfc,-79.90808,-82.97483
1807,9khx93c0,74.0044,-80.60051
1808,vvspjage,-81.81892,56.309715
1809,zxe95qy9,74.31767,29.124783
1810,2x7dfl1q,41.628967,77.38095
1811,wbj0w365,-116.454414,-31.232843
1812,gnkzb7qr,-4.6954775,32.3379
1813,zl1s82yi,-46.951347,31.567917
1814,5apikyi7,17.37934,-22.141653
1815,mlhd9zbs,-17.094942,-69.43519
1816,vuevksex,25.34364,-11.454061
1817,0wtq1c15,-47.95083,59.40851
1818,8lxzriei,-50.83091,71.75034
1819,dugsh7mp,57.085487,-30.241846
1820,ntx35a8s,87.33608,-70.421364
1821,5kqtxh6t,-85.67784,-92.32815
1822,oa4lzkru,22.837122,128.39359
1823,oc1syzur,-48.91561,72.232704
1824,wpuwo96e,13.374037,-63.6836
1825,9zm4per4,0.96967506,-134.03546
1826,yuv8h375,1.8054113,-140.66304
1827,k2a0q9y8,-3.0666907,-28.007418
1828,zhgol57d,62.393177,63.12171
1829,bcwcjf01,-57.549614,-97.3696
1830,ul8wjrmy,30.889961,69.724014
1831,iar66keo,-27.1212,-66.47873
1832,41b8ar5w,3.6469848,53.999542
1833,in6w5d2y,-58.03901,65.858795
1834,7vsdqhi0,-56.3391,98.41643
1835,n9sih438,68.26237,14.0153675
1836,553cjp9f,88.12084,-93.86147
1837,7vfo98ho,85.60272,-21.07465
1838,e1n8o9cj,-92.863945,43.239666
1839,91lzomwp,36.78187,54.107998
1840,h5o2ksfk,21.730825,82.70296
1841,z76vjkxg,36.640102,-87.96824
1842,tl9mbybz,-89.97396,-26.397575
1843,cge5uve3,40.93662,97.275406
1844,yp1s77ez,33.232628,-37.626476
1845,u09rn09u,-140.6472,60.39347
1846,4mhh29l0,47.923378,35.079304
1847,hug3mbs1,10.07526,-12.407736
1848,644lf8vn,87.099144,-39.238197
1849,mszzo4o4,-39.53289,69.97793
1850,dr2uow4m,-18.815924,-148.12764
1851,hr3qj5ii,-85.02579,22.23578
1852,zgbci6gv,74.637405,-55.81536
1853,aclzp3iy,72.1906,14.71278
1854,1bsoc3rq,10.537317,-7.792605
1855,9rdsdvyd,18.229187,-22.260181
1856,dbikkq0u,-60.004047,99.20238
1857,qlent1g9,-115.356514,-15.096975
1858,sswimukk,20.84415,121.31082
1859,8s4bsnlw,71.11837,-26.60466
1860,4k8f7ou1,-10.341593,-135.89656
1861,l6mqum29,94.18446,-57.942097
1862,50wqhp04,32.37808,120.899605
1863,pk7pnmlo,-29.010841,-5.79868
1864,a67st6gy,4.806854,23.256554
1865,wp4rch6v,-38.9787,113.00607
1866,t89df3fd,-40.16462,19.331272
1867,5mka22hr,-90.718,6.966136
1868,j0k00230,25.285582,125.089
1869,44bm52ch,17.643677,-74.59471
1870,rveuwc8t,-49.71639,-131.85542
1871,4yt2auvk,46.970936,35.73651
1872,79fp75u3,-44.437645,-39.21319
1873,h3y1mjru,-55.177757,-20.141008
1874,o0x2vj3z,-10.893425,-48.114838
1875,zt6i3o86,-86.20294,30.638441
1876,ta1i0ata,-78.99744,47.52389
1877,4i56gcy8,-28.148756,-141.38428
1878,1e3pthel,34.689068,113.92484
1879,1fgz2fyr,75.22613,42.183224
1880,c0smzrt6,62.86268,-9.191289
1881,dc51rffo,79.853355,-80.797134
1882,dcjwfes7,51.813236,27.066458
1883,nw09ud0r,115.59267,-28.35074
1884,cxr1ul7q,69.58725,-39.33092
1885,ey5xmb8a,-60.191975,20.614784
1886,iuglkdcp,-88.94811,-76.95483
1887,x11t9pbv,18.199694,2.885058
1888,ka4261wc,12.624623,135.85037
1889,affnaoni,90.28091,26.760527
1890,d0eur1hq,55.111103,-109.96036
1891,8seknsaq,115.90407,-54.287735
1892,5uzp3l0r,-86.90694,-64.55826
1893,prbfg3do,-89.20778,44.826378
1894,uyx5st4k,65.50715,63.71559
1895,hfg70ehq,6.1744337,-47.25722
1896,unr44dvp,-61.54173,106.38565
1897,kuf3ssdb,-15.736521,-38.55236
1898,out6zg61,33.42305,-31.949924
1899,p5sig1en,-81.239685,57.577866
1900,mxjtj5c0,100.438644,-22.259575
1901,umvrwgaw,67.714005,78.75683
1902,exqza1kg,77.666664,-96.036705
1903,tefsc511,78.74646,-36.23862
1904,a3y1rfas,-36.007133,-133.32066
1905,jy7j8sh0,57.919292,-18.878746
1906,oi7bkm4z,-74.48238,-34.566547
1907,57es391o,70.98536,-48.66802
1908,x7wg7e9s,-26.140766,-142.76228
1909,3mt5rtah,-11.174473,-85.25354
1910,m5ho3ccj,-62.574543,61.42598
1911,gi2kswai,-61.727596,104.425644
1912,aki28lhp,71.00244,-100.07441
1913,gnz96tzj,53.64874,40.33873
1914,8trsa6o6,-53.366486,-47.567482
1915,qtn3ukf4,-62.007767,-46.934452
1916,asghqx6q,-38.287243,6.5720706
1917,4szweuku,-22.091528,6.4944406
1918,idffrnac,11.265833,-112.82014
1919,vlv8x8l8,-88.990585,31.907206
1920,8ut2p9p6,-85.877144,-63.332977
1921,wo20st5w,-105.975105,68.40579
1922,e666nvl3,125.7335,16.15892
1923,57xo6xx2,-55.85333,-19.296507
1924,efk5pzov,-64.21125,-45.69713
1925,emfnhenm,69.366875,90.753296
1926,n2e4s7bu,-94.43252,-13.562252
1927,rdnrbwkq,-52.209885,-135.1009
1928,7wuhtsep,-71.99628,61.74889
1929,yqtjxuv8,-69.41291,-51.053497
1930,9gozwdng,-6.896383,34.630463
1931,ligqoj24,-8.561457,-28.393303
1932,xroo7z7g,-81.40191,-44.905293
1933,s4y6uxsb,-61.54056,76.45817
1934,xcrshplk,113.45198,8.228364
1935,yvjrcgxu,2.499642,-109.781624
1936,algzczs8,-4.6066685,61.574825
1937,divt1n4i,-104.14627,7.946056
1938,m4t7jwqe,12.523143,-6.423377
1939,4gjo72hx,-101.17783,0.50493
1940,jkit3c8f,-101.713646,50.8751
1941,2a51n8ym,-93.20251,93.03802
1942,3yu2di1g,-97.92989,24.24719
1943,f8h9hlks,36.95513,-63.044525
1944,qav5okgk,70.0841,-44.010727
1945,pjdogrs4,38.473824,-32.771137
1946,2b73a28n,-120.42342,11.8550825
1947,akvhi38e,107.4122,15.792467
1948,k9skma4k,84.34558,40.120224
1949,iaceti4b,78.73116,-50.772324
1950,2brelywe,-98.31216,37.62894
1951,2mfbqs8i,61.813496,129.4508
1952,j36voasl,55.11404,34.083843
1953,2jxrnngg,-36.018734,20.44735
1954,5kapn32k,-52.11002,-49.79036
1955,jcnusj7d,43.610687,-20.410358
1956,c2nuh2yc,55.511726,-106.653076
1957,5opiip58,-121.12047,28.880703
1958,rckp1kc7,-16.783405,-79.14254
1959,je9t4i6q,-85.662735,71.42544
1960,hvaie7ay,-52.222366,-135.10576
1961,o6znx8t8,2.3251164,2.3499532
1962,1xacvavs,-84.05586,-29.449865
1963,ue9azoyf,108.27107,16.033173
1964,ewx5xhrb,101.353615,57.0582
1965,qwhaesfk,5.622572,-65.4869
1966,r6c7kmqj,7.7440376,-93.93181
1967,6wyb431b,8.560547,45.78697
1968,chd9ezba,60.11823,135.70667
1969,z5ebo9nv,-18.98774,-140.82744
1970,lgvnz7ke,92.91732,13.100102
1971,xkmkwsbv,-91.06029,-30.59171
1972,a9f6hh7t,19.39324,51.39854
1973,sd0an0z3,108.94849,12.418075
1974,jm3uzg2i,-63.228638,-76.1986
1975,7jnogabw,-80.381355,-31.2075
1976,j4hvyyoi,8.780074,9.075647
1977,pyy1ega9,-36.03767,-134.58658
1978,vz0qvp01,56.239643,0.2796989
1979,va77ivw7,111.53051,-9.759456
1980,eermgk02,9.426176,-123.799446
1981,3hs4f022,-99.782715,2.1197162
1982,2btyqh0l,-21.18457,22.555204
1983,vrh9czdf,-59.590492,10.0642805
1984,a04e06zy,-38.573204,66.708115
1985,o2zfilcl,66.37996,57.163364
1986,cpz8yb16,41.387672,-21.686342
1987,rbf0k8oi,-83.108284,-30.287128
1988,6ogoktah,-42.381393,66.388115
1989,qdld7hdc,-44.460762,31.691175
1990,p5ohjzhs,-114.29254,29.114662
1991,due9tloa,-2.2489736,148.70804
1992,h56v5ti8,-36.412575,22.676542
1993,kfwbqp4p,87.34799,34.91571
1994,l600aeuo,-103.441414,9.616749
1995,vg42z900,53.31853,-95.84244
1996,7p3b6tyf,65.95199,14.916048
1997,o2z7n3v5,-94.60271,43.41136
1998,di0fcy0j,-109.78828,32.614475
1999,59i3jert,101.39381,28.169668
